output:0,0,53.10757989712559,-1.0
output:14,0,53.10757989712559,53.10757989712559
output:51,0,56.046755784747404,107.00917844898676
output:152,0,56.046755784747404,56.046755784747404
output:133,0,63.13708613358894,63.13708613358894
output:33,0,48.25307001003042,107.69474620510113
output:111,0,48.25307001003042,48.25307001003042
output:1,1,137.17250676928842,-1.0
output:106,1,34.957765277433204,137.17250676928842
output:75,1,34.957765277433204,34.957765277433204
output:142,1,66.01096786122096,66.01096786122096
output:123,1,114.58689423819735,121.37627034357236
output:80,1,54.981884736326364,114.58689423819735
output:56,1,54.981884736326364,54.981884736326364
output:144,1,118.47329983529809,118.47329983529809
output:96,1,135.721590664795,135.721590664795
output:122,1,57.13418764773789,138.6943408176648
output:86,1,57.13418764773789,57.13418764773789
output:34,1,186.73146356974573,186.73146356974573
output:2,-1,-1.0,-1.0
output:3,2,32.47832112580603,-1.0
output:95,2,32.47832112580603,32.47832112580603
output:4,-1,-1.0,-1.0
output:5,3,50.903866295940574,-1.0
output:68,3,50.903866295940574,50.903866295940574
output:6,-1,-1.0,-1.0
output:7,4,192.93239539643614,-1.0
output:10,4,112.28055310461744,192.93239539643614
output:76,4,112.28055310461744,112.28055310461744
output:8,5,188.65473296842558,-1.0
output:77,5,188.65473296842558,188.65473296842558
output:9,6,100.0503625046249,-1.0
output:61,6,85.03616320127506,100.0503625046249
output:134,6,85.03616320127506,85.03616320127506
output:124,6,125.86442742421833,125.86442742421833
output:102,6,134.62139256987683,134.62139256987683
output:11,7,55.876223481081794,-1.0
output:119,7,55.876223481081794,55.876223481081794
output:12,8,196.29985545538082,-1.0
output:70,8,193.77475815286905,196.29985545538082
output:129,8,165.97569279721927,193.77475815286905
output:16,8,37.03367366515563,165.97569279721927
output:17,8,37.03367366515563,37.03367366515563
output:22,8,42.54801591739777,79.45855375344716
output:162,8,42.54801591739777,42.54801591739777
output:130,8,103.17693284950757,168.09846925072068
output:147,8,103.17693284950757,103.17693284950757
output:13,9,181.40277016999613,-1.0
output:79,9,97.01467492507817,181.40277016999613
output:158,9,57.379639936512625,97.01467492507817
output:113,9,42.431670870425286,57.379639936512625
output:114,9,42.431670870425286,42.431670870425286
output:44,9,197.77392224770682,197.77392224770682
output:15,10,54.53233285975992,-1.0
output:42,10,54.53233285975992,54.53233285975992
output:71,10,97.58309384619838,97.58309384619838
output:28,10,31.646607442451128,141.2993811478078
output:60,10,31.646607442451128,31.646607442451128
output:118,10,134.3261379252135,180.68568284416736
output:140,10,134.3261379252135,134.3261379252135
output:85,10,70.17727498797551,162.00785617194128
output:41,10,44.46496703950321,70.17727498797551
output:19,10,44.46496703950321,44.46496703950321
output:109,10,85.58382630473702,129.58973078560823
output:57,10,85.58382630473702,85.58382630473702
output:58,10,88.63556527408203,135.49665954129966
output:55,10,79.35770548393062,88.63556527408203
output:131,10,79.35770548393062,79.35770548393062
output:69,10,81.05758916970548,81.05758916970548
output:94,10,82.33903247117496,82.33903247117496
output:160,10,134.23947981398226,134.23947981398226
output:35,10,134.80903809152326,134.80903809152326
output:159,10,163.16489308405465,199.5152575827838
output:115,10,97.83522553132018,163.16489308405465
output:116,10,53.386490943015694,97.83522553132018
output:54,10,53.386490943015694,53.386490943015694
output:62,10,137.81329790198944,137.81329790198944
output:135,10,142.36786807044325,142.36786807044325
output:149,10,38.88700491479039,164.52281220280344
output:53,10,38.88700491479039,38.88700491479039
output:18,11,119.58488528406126,-1.0
output:67,11,119.58488528406126,119.58488528406126
output:21,11,169.38708091762476,169.38708091762476
output:20,-1,-1.0,-1.0
output:23,-1,-1.0,-1.0
output:25,-1,-1.0,-1.0
output:24,12,25.212649145238313,-1.0
output:49,12,25.212649145238313,25.212649145238313
output:43,12,50.679251422722714,50.679251422722714
output:125,12,26.556310357384593,138.85584848522925
output:72,12,26.556310357384593,26.556310357384593
output:27,13,105.2153408809032,-1.0
output:146,13,105.2153408809032,105.2153408809032
output:93,13,150.7074095088395,150.7074095088395
output:26,14,58.90356685699242,-1.0
output:29,14,58.90356685699242,58.90356685699242
output:31,-1,-1.0,-1.0
output:30,-1,-1.0,-1.0
output:32,-1,-1.0,-1.0
output:38,-1,-1.0,-1.0
output:39,15,154.77562368814682,-1.0
output:37,15,154.77562368814682,154.77562368814682
output:52,15,61.03612637151676,162.85474612628087
output:157,15,61.03612637151676,61.03612637151676
output:99,15,53.89652550123878,95.74210738323274
output:156,15,53.89652550123878,53.89652550123878
output:110,15,153.3986767448755,153.3986767448755
output:121,15,37.90811761061228,176.36524646485216
output:104,15,37.90811761061228,37.90811761061228
output:36,-1,-1.0,-1.0
output:40,-1,-1.0,-1.0
output:46,-1,-1.0,-1.0
output:47,-1,-1.0,-1.0
output:45,16,124.14110490978888,-1.0
output:90,16,124.14110490978888,124.14110490978888
output:50,-1,-1.0,-1.0
output:48,-1,-1.0,-1.0
output:59,-1,-1.0,-1.0
output:63,17,163.67719641997073,-1.0
output:84,17,163.67719641997073,163.67719641997073
output:64,-1,-1.0,-1.0
output:65,-1,-1.0,-1.0
output:66,-1,-1.0,-1.0
output:78,-1,-1.0,-1.0
output:73,-1,-1.0,-1.0
output:74,-1,-1.0,-1.0
output:87,-1,-1.0,-1.0
output:81,-1,-1.0,-1.0
output:83,-1,-1.0,-1.0
output:82,-1,-1.0,-1.0
output:92,18,52.34041631688991,-1.0
output:151,18,52.34041631688991,52.34041631688991
output:91,18,106.34176264117328,106.34176264117328
output:89,19,30.478662293571933,-1.0
output:101,19,30.478662293571933,30.478662293571933
output:88,-1,-1.0,-1.0
output:103,-1,-1.0,-1.0
output:100,-1,-1.0,-1.0
output:98,-1,-1.0,-1.0
output:97,-1,-1.0,-1.0
output:108,20,28.357795861614946,-1.0
output:127,20,28.357795861614946,28.357795861614946
output:107,-1,-1.0,-1.0
output:105,21,148.0418742381859,-1.0
output:132,21,148.0418742381859,148.0418742381859
output:117,-1,-1.0,-1.0
output:112,-1,-1.0,-1.0
output:126,22,150.0890704648209,-1.0
output:155,22,150.0890704648209,150.0890704648209
output:120,23,97.37060003575426,-1.0
output:164,23,97.37060003575426,97.37060003575426
output:137,-1,-1.0,-1.0
output:136,24,90.95828372131339,-1.0
output:150,24,90.95828372131339,90.95828372131339
output:139,25,131.4806235794412,-1.0
output:143,25,131.4806235794412,131.4806235794412
output:138,-1,-1.0,-1.0
output:141,-1,-1.0,-1.0
output:128,-1,-1.0,-1.0
output:153,-1,-1.0,-1.0
output:154,-1,-1.0,-1.0
output:145,-1,-1.0,-1.0
output:148,-1,-1.0,-1.0
output:163,-1,-1.0,-1.0
output:161,-1,-1.0,-1.0
