output:0,0,78.656840469381,-1.0
output:126,0,39.22242402461411,78.656840469381
output:36,0,39.22242402461411,39.22242402461411
output:38,0,45.60648287051359,52.88929205183853
output:66,0,45.60648287051359,45.60648287051359
output:4,0,22.0544967486198,69.51858942440714
output:153,0,22.0544967486198,22.0544967486198
output:79,0,76.46854804507429,117.82745886673374
output:93,0,53.883598369416056,76.46854804507429
output:130,0,53.883598369416056,53.883598369416056
output:150,0,55.91478871615249,55.91478871615249
output:137,0,82.60654011469344,82.60654011469344
output:175,0,71.66855120426384,88.95984983543107
output:80,0,71.66855120426384,71.66855120426384
output:12,0,141.23176963925968,141.23176963925968
output:127,0,102.99803221217623,146.94660128477975
output:154,0,42.36256205136362,102.99803221217623
output:242,0,42.36256205136362,42.36256205136362
output:229,0,170.8586984506188,170.8586984506188
output:160,0,173.4545806655046,173.4545806655046
output:134,0,68.4714158556415,173.74482241774749
output:170,0,46.44791842608942,68.4714158556415
output:224,0,46.44791842608942,46.44791842608942
output:228,0,37.62719829666489,146.86095319429043
output:129,0,37.62719829666489,37.62719829666489
output:185,0,83.76443523108045,87.19704133062227
output:210,0,80.75290699080955,83.76443523108045
output:166,0,80.75290699080955,80.75290699080955
output:206,0,166.24242402242228,174.59144187049571
output:156,0,166.24242402242228,166.24242402242228
output:188,0,174.84398531267922,174.84398531267922
output:238,0,175.2038188250817,182.25230445094618
output:46,0,41.25542555990658,175.2038188250817
output:6,0,41.25542555990658,41.25542555990658
output:204,0,156.4502113189691,189.8816723175805
output:214,0,69.43556719542092,156.4502113189691
output:257,0,69.43556719542092,69.43556719542092
output:125,0,147.72978217372346,156.0909333305087
output:139,0,52.077517044077105,147.72978217372346
output:173,0,52.077517044077105,52.077517044077105
output:217,0,156.49476983250435,156.49476983250435
output:86,0,154.77562368814682,166.47623997705728
output:53,0,142.0451829788559,154.77562368814682
output:178,0,127.99271999941246,142.0451829788559
output:230,0,43.3784857509619,127.99271999941246
output:110,0,43.3784857509619,43.3784857509619
output:102,0,150.43769460440564,150.43769460440564
output:147,0,155.85414066628675,155.85414066628675
output:1,1,37.005264187081615,-1.0
output:78,1,37.005264187081615,37.005264187081615
output:247,1,52.53796367364017,52.53796367364017
output:221,1,33.984114675812776,80.02933093154657
output:49,1,33.984114675812776,33.984114675812776
output:253,1,70.40394546256373,70.40394546256373
output:123,1,36.14661565579722,71.20106296825661
output:28,1,36.14661565579722,36.14661565579722
output:51,1,59.614146790043655,59.614146790043655
output:164,1,68.02634786085666,68.02634786085666
output:89,1,53.60532852737729,79.35767410915187
output:152,1,53.60532852737729,53.60532852737729
output:168,1,82.14454885094614,82.14454885094614
output:87,1,84.09417667140764,84.09417667140764
output:198,1,86.83381812904251,86.83381812904251
output:197,1,52.377548947927124,111.13734672425359
output:174,1,52.377548947927124,52.377548947927124
output:244,1,39.67534318679616,69.9164748153028
output:144,1,39.67534318679616,39.67534318679616
output:258,1,117.04654161884663,117.04654161884663
output:251,1,161.4207024356426,161.4207024356426
output:202,1,111.03989903249993,167.62378930381405
output:245,1,103.83549934468381,111.03989903249993
output:105,1,24.767347236496164,103.83549934468381
output:113,1,24.767347236496164,24.767347236496164
output:16,1,125.85571204237334,125.85571204237334
output:225,1,112.85703455725175,182.02980667612462
output:26,1,57.63153577416934,112.85703455725175
output:117,1,57.63153577416934,57.63153577416934
output:5,1,58.860403425213576,58.860403425213576
output:239,1,99.45657839270501,99.45657839270501
output:17,1,109.98204069799202,189.83583422972845
output:107,1,44.68546712719596,109.98204069799202
output:25,1,44.68546712719596,44.68546712719596
output:3,1,55.905285931128745,55.905285931128745
output:157,1,64.66030457237059,147.64581873467463
output:62,1,64.66030457237059,64.66030457237059
output:2,2,35.94744934046122,-1.0
output:42,2,35.94744934046122,35.94744934046122
output:181,2,83.37696310121204,83.37696310121204
output:45,2,85.73691665330247,85.73691665330247
output:73,2,105.81564741581622,105.81564741581622
output:50,2,135.79497917918982,135.79497917918982
output:131,2,136.30233270216243,136.30233270216243
output:101,2,42.90681010361885,141.22455306124382
output:165,2,42.90681010361885,42.90681010361885
output:124,2,177.14548645639113,177.14548645639113
output:7,-1,-1.0,-1.0
output:8,3,123.95233275672484,-1.0
output:249,3,123.95233275672484,123.95233275672484
output:9,4,90.44624884091394,-1.0
output:232,4,90.44624884091394,90.44624884091394
output:10,5,63.11106602335126,-1.0
output:85,5,63.11106602335126,63.11106602335126
output:162,5,109.42882203944455,109.42882203944455
output:11,6,107.65267693467757,-1.0
output:132,6,107.65267693467757,107.65267693467757
output:99,6,143.64167861320738,143.64167861320738
output:13,7,123.75360775954093,-1.0
output:140,7,117.238505701682,123.75360775954093
output:37,7,115.76202179013318,117.238505701682
output:109,7,115.76202179013318,115.76202179013318
output:111,7,66.01096786024534,122.55582333586173
output:136,7,33.18869694969309,66.01096786024534
output:158,7,33.18869694969309,33.18869694969309
output:187,7,48.521059606733665,99.27701153724799
output:211,7,37.63200715893339,48.521059606733665
output:34,7,37.63200715893339,37.63200715893339
output:233,7,109.37626301036505,109.37626301036505
output:40,7,136.13585006672926,136.13585006672926
output:75,7,40.07886733985291,159.6371501823703
output:71,7,40.07886733985291,40.07886733985291
output:227,7,172.38123750312718,191.10493814117248
output:70,7,41.816289073601396,172.38123750312718
output:151,7,41.816289073601396,41.816289073601396
output:219,7,123.97132677807954,123.97132677807954
output:254,7,128.22579416811044,128.22579416811044
output:14,7,106.65396267534805,131.44286011146588
output:148,7,58.1312631262252,106.65396267534805
output:149,7,58.1312631262252,58.1312631262252
output:135,7,66.2494820670587,154.70517385896514
output:95,7,66.2494820670587,66.2494820670587
output:112,7,112.17799186970089,112.17799186970089
output:199,7,156.812347923272,156.812347923272
output:215,7,170.4628432753144,170.4628432753144
output:56,7,171.72947228461138,196.51236778163855
output:176,7,171.72947228461138,171.72947228461138
output:15,-1,-1.0,-1.0
output:19,-1,-1.0,-1.0
output:18,-1,-1.0,-1.0
output:21,-1,-1.0,-1.0
output:20,8,57.20292594681187,-1.0
output:54,8,57.20292594681187,57.20292594681187
output:179,8,31.646607442451128,137.0807937459894
output:226,8,31.646607442451128,31.646607442451128
output:88,8,147.65603726430825,163.56462692657735
output:118,8,147.65603726430825,147.65603726430825
output:23,9,172.03330145664376,-1.0
output:190,9,75.77694500899776,172.03330145664376
output:155,9,75.77694500899776,75.77694500899776
output:22,-1,-1.0,-1.0
output:24,10,107.20859057330931,-1.0
output:114,10,107.20859057330931,107.20859057330931
output:216,10,151.39526934951857,151.39526934951857
output:27,-1,-1.0,-1.0
output:29,-1,-1.0,-1.0
output:31,11,34.91984764385028,-1.0
output:98,11,34.91984764385028,34.91984764385028
output:30,12,185.24601472732178,-1.0
output:57,12,185.24601472732178,185.24601472732178
output:55,12,34.53742075653364,191.93290905400553
output:61,12,34.53742075653364,34.53742075653364
output:108,12,80.31429356990003,80.31429356990003
output:35,13,30.23171647585882,-1.0
output:141,13,30.23171647585882,30.23171647585882
output:255,13,58.79697494183235,58.79697494183235
output:218,13,68.23275448130586,134.4529077466337
output:92,13,68.23275448130586,68.23275448130586
output:200,13,129.0542559545771,129.0542559545771
output:186,13,151.79020517925818,151.79020517925818
output:189,13,152.08205163936125,171.80339178181364
output:143,13,152.08205163936125,152.08205163936125
output:47,13,160.7578200049929,160.7578200049929
output:207,13,40.97365555689877,163.01288029193017
output:103,13,40.97365555689877,40.97365555689877
output:104,13,164.53005229951953,164.53005229951953
output:32,-1,-1.0,-1.0
output:33,-1,-1.0,-1.0
output:39,-1,-1.0,-1.0
output:43,14,88.1831788456038,-1.0
output:83,14,88.1831788456038,88.1831788456038
output:97,14,144.40412456648193,144.40412456648193
output:41,15,120.20903706464014,-1.0
output:81,15,120.20903706464014,120.20903706464014
output:44,-1,-1.0,-1.0
output:48,-1,-1.0,-1.0
output:52,16,33.26215937903088,-1.0
output:231,16,33.26215937903088,33.26215937903088
output:59,-1,-1.0,-1.0
output:58,17,131.4806235770595,-1.0
output:193,17,131.4806235770595,131.4806235770595
output:63,18,124.59938707843321,-1.0
output:169,18,124.59938707843321,124.59938707843321
output:60,-1,-1.0,-1.0
output:68,19,48.94926743684408,-1.0
output:77,19,48.94926743684408,48.94926743684408
output:69,-1,-1.0,-1.0
output:64,20,84.2014600128413,-1.0
output:212,20,38.98925596137645,84.2014600128413
output:208,20,38.98925596137645,38.98925596137645
output:191,20,101.44792558696169,101.44792558696169
output:65,21,114.96344639803874,-1.0
output:248,21,114.96344639803874,114.96344639803874
output:67,-1,-1.0,-1.0
output:76,-1,-1.0,-1.0
output:72,-1,-1.0,-1.0
output:74,-1,-1.0,-1.0
output:84,-1,-1.0,-1.0
output:82,-1,-1.0,-1.0
output:94,22,39.27373439777928,-1.0
output:250,22,39.27373439777928,39.27373439777928
output:91,-1,-1.0,-1.0
output:90,23,138.3734781804524,-1.0
output:128,23,138.3734781804524,138.3734781804524
output:100,-1,-1.0,-1.0
output:96,-1,-1.0,-1.0
output:106,-1,-1.0,-1.0
output:119,-1,-1.0,-1.0
output:116,-1,-1.0,-1.0
output:115,24,109.78883344708481,-1.0
output:223,24,78.66687018230162,109.78883344708481
output:192,24,78.66687018230162,78.66687018230162
output:122,-1,-1.0,-1.0
output:121,-1,-1.0,-1.0
output:120,25,69.48864138953446,-1.0
output:171,25,69.48864138953446,69.48864138953446
output:182,25,134.40186631201766,134.40186631201766
output:138,-1,-1.0,-1.0
output:142,-1,-1.0,-1.0
output:133,-1,-1.0,-1.0
output:159,-1,-1.0,-1.0
output:145,-1,-1.0,-1.0
output:146,-1,-1.0,-1.0
output:172,-1,-1.0,-1.0
output:163,26,59.55586038005868,-1.0
output:161,26,59.55586038005868,59.55586038005868
output:167,-1,-1.0,-1.0
output:184,-1,-1.0,-1.0
output:177,-1,-1.0,-1.0
output:183,27,124.25732779118425,-1.0
output:194,27,92.66113864385832,124.25732779118425
output:213,27,92.66113864385832,92.66113864385832
output:180,-1,-1.0,-1.0
output:205,-1,-1.0,-1.0
output:201,-1,-1.0,-1.0
output:203,-1,-1.0,-1.0
output:196,-1,-1.0,-1.0
output:195,-1,-1.0,-1.0
output:220,-1,-1.0,-1.0
output:222,-1,-1.0,-1.0
output:209,-1,-1.0,-1.0
output:237,-1,-1.0,-1.0
output:236,-1,-1.0,-1.0
output:235,-1,-1.0,-1.0
output:234,-1,-1.0,-1.0
output:252,-1,-1.0,-1.0
output:246,-1,-1.0,-1.0
output:243,-1,-1.0,-1.0
output:240,-1,-1.0,-1.0
output:241,-1,-1.0,-1.0
output:256,-1,-1.0,-1.0
