output:0,-1,-1.0,-1.0
output:1,-1,-1.0,-1.0
output:2,-1,-1.0,-1.0
output:3,0,107.74276780974455,-1.0
output:91,0,95.60739278573936,107.74276780974455
output:26,0,67.82616957605448,95.60739278573936
output:25,0,107.74276780974455,67.82616957605448
output:23,0,146.8510786022292,95.60739278573936
output:18,0,128.89230409075617,107.74276780974455
output:8,0,140.7832543238705,128.89230409075617
output:24,0,125.18002989875384,140.7832543238705
output:19,0,121.05364115439455,125.18002989875384
output:20,0,-1.0,121.05364115439455
output:4,0,-1.0,121.05364115439455
output:5,-1,-1.0,-1.0
output:6,1,116.92047959318006,-1.0
output:21,1,-1.0,116.92047959318006
output:98,1,-1.0,116.92047959318006
output:7,-1,-1.0,-1.0
output:9,-1,-1.0,-1.0
output:10,-1,-1.0,-1.0
output:11,-1,-1.0,-1.0
output:12,-1,-1.0,-1.0
output:13,-1,-1.0,-1.0
output:14,-1,-1.0,-1.0
output:15,-1,-1.0,-1.0
output:17,-1,-1.0,-1.0
output:16,-1,-1.0,-1.0
output:22,-1,-1.0,-1.0
output:27,-1,-1.0,-1.0
output:29,-1,-1.0,-1.0
output:28,-1,-1.0,-1.0
output:31,-1,-1.0,-1.0
output:30,-1,-1.0,-1.0
output:34,-1,-1.0,-1.0
output:35,-1,-1.0,-1.0
output:32,-1,-1.0,-1.0
output:33,-1,-1.0,-1.0
output:38,-1,-1.0,-1.0
output:39,-1,-1.0,-1.0
output:36,-1,-1.0,-1.0
output:37,-1,-1.0,-1.0
output:42,-1,-1.0,-1.0
output:43,-1,-1.0,-1.0
output:40,-1,-1.0,-1.0
output:41,-1,-1.0,-1.0
output:46,-1,-1.0,-1.0
output:47,-1,-1.0,-1.0
output:44,-1,-1.0,-1.0
output:45,-1,-1.0,-1.0
output:51,-1,-1.0,-1.0
output:50,-1,-1.0,-1.0
output:49,-1,-1.0,-1.0
output:48,-1,-1.0,-1.0
output:55,-1,-1.0,-1.0
output:54,-1,-1.0,-1.0
output:53,-1,-1.0,-1.0
output:52,-1,-1.0,-1.0
output:59,-1,-1.0,-1.0
output:58,-1,-1.0,-1.0
output:57,-1,-1.0,-1.0
output:56,-1,-1.0,-1.0
output:63,2,133.5901585516277,-1.0
output:104,2,-1.0,133.5901585516277
output:60,2,-1.0,133.5901585516277
output:62,-1,-1.0,-1.0
output:61,-1,-1.0,-1.0
output:68,-1,-1.0,-1.0
output:69,-1,-1.0,-1.0
output:70,-1,-1.0,-1.0
output:71,-1,-1.0,-1.0
output:64,-1,-1.0,-1.0
output:65,-1,-1.0,-1.0
output:66,-1,-1.0,-1.0
output:67,-1,-1.0,-1.0
output:76,-1,-1.0,-1.0
output:77,-1,-1.0,-1.0
output:78,-1,-1.0,-1.0
output:79,-1,-1.0,-1.0
output:72,-1,-1.0,-1.0
output:73,-1,-1.0,-1.0
output:74,-1,-1.0,-1.0
output:75,-1,-1.0,-1.0
output:85,-1,-1.0,-1.0
output:84,-1,-1.0,-1.0
output:87,3,139.97020694250534,-1.0
output:88,3,118.9734051629391,139.97020694250534
output:89,3,-1.0,118.9734051629391
output:86,3,139.97020694250534,118.9734051629391
output:81,-1,-1.0,-1.0
output:80,-1,-1.0,-1.0
output:83,-1,-1.0,-1.0
output:82,-1,-1.0,-1.0
output:93,-1,-1.0,-1.0
output:92,-1,-1.0,-1.0
output:95,-1,-1.0,-1.0
output:94,-1,-1.0,-1.0
output:90,-1,-1.0,-1.0
output:102,-1,-1.0,-1.0
output:103,-1,-1.0,-1.0
output:100,-1,-1.0,-1.0
output:101,-1,-1.0,-1.0
output:99,-1,-1.0,-1.0
output:96,-1,-1.0,-1.0
output:97,-1,-1.0,-1.0
output:110,-1,-1.0,-1.0
output:111,-1,-1.0,-1.0
output:108,-1,-1.0,-1.0
output:109,-1,-1.0,-1.0
output:106,-1,-1.0,-1.0
output:107,-1,-1.0,-1.0
output:105,-1,-1.0,-1.0
output:112,-1,-1.0,-1.0
