output:0,0,7.817904308254545,-1.0
output:275,0,5.9943778265023075,7.817904308254545
output:274,0,5.9943778265023075,5.9943778265023075
output:272,0,9.243821423554238,5.9943778265023075
output:273,0,10.056375673679522,5.9943778265023075
output:270,0,9.243821423554238,5.9943778265023075
output:271,0,11.655354913170225,8.465861532763489
output:1,-1,-1.0,-1.0
output:2,-1,-1.0,-1.0
output:3,-1,-1.0,-1.0
output:4,-1,-1.0,-1.0
output:5,-1,-1.0,-1.0
output:6,-1,-1.0,-1.0
output:7,-1,-1.0,-1.0
output:8,-1,-1.0,-1.0
output:9,-1,-1.0,-1.0
output:10,-1,-1.0,-1.0
output:11,-1,-1.0,-1.0
output:12,-1,-1.0,-1.0
output:13,-1,-1.0,-1.0
output:14,-1,-1.0,-1.0
output:15,-1,-1.0,-1.0
output:17,1,18.752610520261797,-1.0
output:16,1,19.015459393159112,18.752610520261797
output:38,1,12.429189066553796,18.752610520261797
output:45,1,16.535275825403367,12.429189066553796
output:30,1,15.23697126683764,12.429189066553796
output:18,1,18.009978553115523,12.429189066553796
output:35,1,9.666902389866205,15.23697126683764
output:29,1,6.246079897638136,9.666902389866205
output:32,1,5.586985298117655,6.246079897638136
output:28,1,4.615165176353446,5.586985298117655
output:44,1,5.4035864814911525,4.615165176353446
output:43,1,5.208065600937651,4.615165176353446
output:31,1,5.4035864814911525,4.615165176353446
output:34,1,7.581576484518812,5.180767587065658
output:27,1,7.434078383775706,5.208065600937651
output:26,1,15.41690207248259,9.373521667708436
output:33,1,15.41690207248259,15.41690207248259
output:25,1,15.866498234125435,15.41690207248259
output:39,1,8.845754066837118,15.41690207248259
output:40,1,8.891040707030692,8.845754066837118
output:42,1,5.692141268871134,8.845754066837118
output:126,1,5.26995159257841,5.692141268871134
output:101,1,7.916966056884836,5.26995159257841
output:171,1,8.845754066837118,5.26995159257841
output:37,1,5.777497153065655,5.26995159257841
output:36,1,6.698506976806591,5.777497153065655
output:130,1,3.7550340508181193,6.698506976806591
output:169,1,3.0345111455395326,3.7550340508181193
output:156,1,2.8828673444742794,3.0345111455395326
output:152,1,2.6896320999286756,2.8828673444742794
output:125,1,2.054357444611317,2.6896320999286756
output:95,1,1.5329088025534356,2.054357444611317
output:94,1,1.3225700026055953,1.5329088025534356
output:127,1,1.217313633061986,1.3225700026055953
output:159,1,1.5329088025534356,1.217313633061986
output:93,1,1.705240164363559,1.217313633061986
output:100,1,1.4069894071960014,1.217313633061986
output:151,1,1.2894996963495495,1.3225700026055953
output:129,1,1.1664996358164226,1.2894996963495495
output:102,1,1.3274423358789433,1.1664996358164226
output:138,1,1.3895396287181891,1.1664996358164226
output:70,1,1.2205332209828128,1.1664996358164226
output:96,1,1.2894996963495495,1.1664996358164226
output:153,1,0.9106726666122057,1.2205332209828128
output:139,1,1.2011344032476725,0.9106726666122057
output:78,1,0.7050071429900027,0.9106726666122057
output:98,1,0.7866850826456717,0.7050071429900027
output:52,1,0.6455880963593567,0.7050071429900027
output:50,1,0.6063153196265512,0.6455880963593567
output:48,1,0.5200467495862119,0.6063153196265512
output:49,1,0.45774302631967506,0.5200467495862119
output:81,1,0.6455880963593567,0.45774302631967506
output:83,1,0.5200467495862119,0.45774302631967506
output:99,1,0.5554848404053853,0.5200467495862119
output:65,1,0.7756690158616983,0.5200467495862119
output:160,1,0.7733871828290717,0.5200467495862119
output:51,1,0.8925849843016421,0.5554848404053853
output:74,1,0.9203330866028601,0.6063153196265512
output:82,1,0.8358850788748984,0.6455880963593567
output:170,1,0.8292752232424584,0.7050071429900027
output:57,1,0.6790749628898265,0.7733871828290717
output:24,1,0.7866850826456717,0.6790749628898265
output:64,1,0.9686240734783157,0.6790749628898265
output:73,1,1.1394554799726822,0.6790749628898265
output:76,1,0.9765497445262034,0.8358850788748984
output:128,1,1.1822784536633102,0.8925849843016421
output:140,1,1.2561579678227346,0.9106726666122057
output:77,1,1.3441008923739763,1.0793998687600375
output:90,1,1.5323689037034314,1.1822784536633102
output:161,1,1.8167517686955335,1.1822784536633102
output:162,1,1.8751895526205828,1.2894996963495495
output:59,1,1.3442990372038142,1.3442990372038142
output:148,1,0.7875393636046419,1.3442990372038142
output:154,1,1.1218925129139623,0.7875393636046419
output:117,1,0.030260903580147595,0.7875393636046419
output:111,1,0.0,0.030260903580147595
output:108,1,0.0,0.0
output:107,1,0.0,0.0
output:116,1,0.0,0.0
output:113,1,0.0,0.0
output:112,1,0.0,0.0
output:118,1,0.023340799985526753,0.023340799985526753
output:106,1,0.06256190163063859,0.041043870395788766
output:120,1,0.2534489620813534,0.2534489620813534
output:119,1,0.2658304300627086,0.2658304300627086
output:145,1,0.5468182817005612,0.3278184704387887
output:56,1,1.452003506214384,1.3442990372038142
output:54,1,1.406560007188697,1.3442990372038142
output:146,1,1.737484815846346,1.406560007188697
output:143,1,1.5642719512270369,1.452003506214384
output:132,1,2.2327298296968854,1.5323689037034314
output:144,1,1.6187678159237027,1.5642719512270369
output:60,1,2.1170568307219915,1.6187678159237027
output:58,1,2.084022876456112,1.8751895526205828
output:104,1,3.0697860068272873,1.8751895526205828
output:103,1,2.805741503005668,2.255192868476718
output:115,1,3.501269035044286,2.3634313367965234
output:149,1,3.3764834701220248,2.3968532684875954
output:165,1,2.660924829258736,2.397538947389387
output:114,1,3.5531300273086797,2.4159838344756652
output:155,1,2.8824599130957087,2.6603751111528045
output:131,1,4.538156852295518,2.884509242921775
output:141,1,3.1261500708721868,2.8888830129309313
output:110,1,5.126002511073145,3.085629998035268
output:158,1,1.917401528613861,3.1261500708721868
output:137,1,1.6961260238413691,1.917401528613861
output:53,1,1.3207406417036571,1.6961260238413691
output:88,1,1.1771010632725123,1.3207406417036571
output:66,1,0.7183338635273752,1.1771010632725123
output:63,1,0.6700763371998002,0.7183338635273752
output:136,1,0.6821487734203919,0.6700763371998002
output:84,1,0.4945305206313258,0.6700763371998002
output:46,1,0.5134974701473983,0.4945305206313258
output:47,1,0.6700763371998002,0.4945305206313258
output:124,1,0.6560555224684474,0.4945305206313258
output:167,1,0.7520157123222689,0.5134974701473983
output:86,1,0.8435788274254227,0.6560555224684474
output:71,1,0.6560555224684474,0.6560555224684474
output:135,1,0.6757523657581559,0.6560555224684474
output:134,1,0.9044119004216297,0.6560555224684474
output:61,1,0.9277613624017267,0.6671618584249395
output:72,1,0.8997842616744628,0.7496091099313109
output:79,1,1.2475503930982592,0.8435788274254227
output:87,1,0.9630003334662827,0.8997842616744628
output:166,1,1.162917848396765,0.9630003334662827
output:157,1,1.3671276329530224,1.0455607240210971
output:85,1,1.60858737286184,1.5124400217609035
output:133,1,1.85141603329419,1.5131210388488108
output:142,1,2.249251810786,1.60858737286184
output:62,1,1.9909064434160135,1.60858737286184
output:92,1,2.136520247399399,1.8207557514976427
output:123,1,3.167729200771559,1.9909064434160135
output:89,1,3.422889451315087,1.9909064434160135
output:147,1,2.428511964694809,2.038605694717865
output:75,1,3.1449907208946866,2.052281317898865
output:164,1,2.442644522793737,2.1014267703964484
output:150,1,2.420430775006574,2.136520247399399
output:69,1,2.2413321538788478,2.136520247399399
output:163,1,3.092545597199514,2.2413321538788478
output:68,1,2.746390886411989,2.2413321538788478
output:91,1,2.5882463158329814,2.3326739311920326
output:67,1,5.2670586373183195,3.167729200771559
output:80,1,4.5671525364063275,3.6943440513655355
output:109,1,5.69236129144522,3.7180787519072758
output:55,1,5.727850428206137,3.877711065310178
output:105,1,7.746307233930519,4.5671525364063275
output:168,1,9.157613850501615,6.698506976806591
output:41,1,10.097122325070343,7.050150010850192
output:20,1,11.487025043415072,9.888279037642919
output:97,1,13.969565622040827,10.013306496725122
output:175,1,12.260225083298291,10.53283592939834
output:172,1,17.066326258980173,11.487025043415072
output:174,1,13.523019955630241,12.260225083298291
output:19,1,13.290899429042602,12.260225083298291
output:173,1,19.58492787043911,13.290899429042602
output:21,-1,-1.0,-1.0
output:23,-1,-1.0,-1.0
output:22,-1,-1.0,-1.0
output:122,-1,-1.0,-1.0
output:121,-1,-1.0,-1.0
output:186,-1,-1.0,-1.0
output:187,-1,-1.0,-1.0
output:184,-1,-1.0,-1.0
output:185,-1,-1.0,-1.0
output:190,-1,-1.0,-1.0
output:191,-1,-1.0,-1.0
output:188,-1,-1.0,-1.0
output:189,-1,-1.0,-1.0
output:178,-1,-1.0,-1.0
output:179,-1,-1.0,-1.0
output:176,-1,-1.0,-1.0
output:177,-1,-1.0,-1.0
output:182,-1,-1.0,-1.0
output:183,-1,-1.0,-1.0
output:180,-1,-1.0,-1.0
output:181,-1,-1.0,-1.0
output:205,2,18.78417215287202,-1.0
output:201,2,18.18112399060255,18.78417215287202
output:202,2,-1.0,18.18112399060255
output:203,2,18.45108249835369,18.18112399060255
output:200,2,-1.0,18.18112399060255
output:204,2,-1.0,18.18112399060255
output:207,-1,-1.0,-1.0
output:206,-1,-1.0,-1.0
output:197,-1,-1.0,-1.0
output:196,-1,-1.0,-1.0
output:199,-1,-1.0,-1.0
output:198,-1,-1.0,-1.0
output:193,-1,-1.0,-1.0
output:192,-1,-1.0,-1.0
output:195,-1,-1.0,-1.0
output:194,-1,-1.0,-1.0
output:220,-1,-1.0,-1.0
output:221,-1,-1.0,-1.0
output:222,3,5.98564765667031,-1.0
output:223,3,5.773596970669444,5.98564765667031
output:224,3,4.621360148359032,5.773596970669444
output:227,3,5.142588582097678,4.621360148359032
output:225,3,5.011208314042292,4.621360148359032
output:226,3,5.773596970669444,4.621360148359032
output:229,3,5.740604296933533,5.773596970669444
output:217,3,6.373961798528002,5.740604296933533
output:228,3,3.959292329462527,5.740604296933533
output:230,3,3.9741599978335818,3.959292329462527
output:231,3,3.3092022121747964,3.959292329462527
output:232,3,3.8534799301066167,3.3092022121747964
output:219,3,2.8325639295542144,3.3092022121747964
output:236,3,3.3092022121747964,2.8325639295542144
output:234,3,3.8261002846671968,2.8325639295542144
output:216,3,4.634200758912121,2.8325639295542144
output:235,3,3.8963186641924117,3.2226377536532347
output:218,3,6.940716104001949,3.8261002846671968
output:215,3,5.2676661169200765,3.8963186641924117
output:233,3,5.1637865237308045,4.871483991797783
output:237,3,8.505031831737893,5.1637865237308045
output:212,-1,-1.0,-1.0
output:213,-1,-1.0,-1.0
output:214,-1,-1.0,-1.0
output:208,-1,-1.0,-1.0
output:209,-1,-1.0,-1.0
output:210,-1,-1.0,-1.0
output:211,-1,-1.0,-1.0
output:239,-1,-1.0,-1.0
output:238,-1,-1.0,-1.0
output:254,-1,-1.0,-1.0
output:255,-1,-1.0,-1.0
output:252,-1,-1.0,-1.0
output:253,-1,-1.0,-1.0
output:250,-1,-1.0,-1.0
output:251,-1,-1.0,-1.0
output:248,-1,-1.0,-1.0
output:249,-1,-1.0,-1.0
output:246,-1,-1.0,-1.0
output:247,-1,-1.0,-1.0
output:244,-1,-1.0,-1.0
output:245,-1,-1.0,-1.0
output:242,-1,-1.0,-1.0
output:243,-1,-1.0,-1.0
output:240,-1,-1.0,-1.0
output:241,-1,-1.0,-1.0
output:279,-1,-1.0,-1.0
output:278,-1,-1.0,-1.0
output:277,-1,-1.0,-1.0
output:276,-1,-1.0,-1.0
output:283,-1,-1.0,-1.0
output:282,-1,-1.0,-1.0
output:281,-1,-1.0,-1.0
output:280,-1,-1.0,-1.0
output:287,-1,-1.0,-1.0
output:286,-1,-1.0,-1.0
output:285,-1,-1.0,-1.0
output:284,-1,-1.0,-1.0
output:258,-1,-1.0,-1.0
output:259,-1,-1.0,-1.0
output:256,-1,-1.0,-1.0
output:257,-1,-1.0,-1.0
output:262,-1,-1.0,-1.0
output:263,-1,-1.0,-1.0
output:260,-1,-1.0,-1.0
output:261,-1,-1.0,-1.0
output:266,-1,-1.0,-1.0
output:267,-1,-1.0,-1.0
output:264,-1,-1.0,-1.0
output:265,-1,-1.0,-1.0
output:268,-1,-1.0,-1.0
output:269,-1,-1.0,-1.0
output:305,4,5.889088715414619,-1.0
output:297,4,3.931096295804974,5.889088715414619
output:304,4,3.3150361307649967,3.931096295804974
output:319,4,2.806847558557902,3.3150361307649967
output:315,4,2.484136233515738,2.806847558557902
output:295,4,2.4426362081201276,2.484136233515738
output:296,4,3.395993165173659,2.4426362081201276
output:311,4,3.0677174280471813,2.4426362081201276
output:308,4,3.7107155735648947,2.4426362081201276
output:294,4,2.8975588281827753,2.484136233515738
output:316,4,3.2037460965566353,2.8975588281827753
output:339,4,3.6706721698313145,2.8975588281827753
output:318,4,4.395785690758929,3.2037460965566353
output:306,4,4.346892348398248,3.395993165173659
output:312,4,5.7374718854011295,3.395993165173659
output:310,4,4.299188131351838,3.6706721698313145
output:307,4,4.569114288304802,3.7107155735648947
output:321,4,6.220359225887894,4.299188131351838
output:314,4,4.192523797191023,4.299188131351838
output:291,4,3.878629407787388,4.192523797191023
output:337,4,3.5430668085248653,3.878629407787388
output:336,4,3.545161041416572,3.5430668085248653
output:309,4,4.728808640742591,3.5430668085248653
output:301,4,5.3324412713712706,3.5430668085248653
output:302,4,5.8231547047941925,3.545161041416572
output:338,4,4.728808640742591,3.878629407787388
output:313,4,7.0761688629273305,4.4623297312566566
output:303,4,5.071792607543854,4.547493821966805
output:340,4,5.087923874128114,4.728808640742591
output:329,4,8.671907332001501,6.355475812703563
output:335,4,6.354539538211314,7.0761688629273305
output:317,4,5.37941636267151,6.354539538211314
output:300,4,6.539845930056965,5.37941636267151
output:320,4,6.739193473922848,5.37941636267151
output:292,4,8.79128182491993,5.37941636267151
output:333,4,6.539845930056965,5.37941636267151
output:331,4,7.085632084847517,6.354539538211314
output:328,4,5.952811718035348,6.354539538211314
output:332,4,8.37606998158244,5.952811718035348
output:334,4,8.070581382948982,6.739193473922848
output:293,4,6.739193473922848,6.739193473922848
output:330,4,5.937386326006095,6.739193473922848
output:299,4,6.0093175311686595,5.937386326006095
output:298,4,6.563112206985099,5.937386326006095
output:322,4,6.402124646196178,5.937386326006095
output:323,4,6.071865612886208,5.937386326006095
output:327,4,7.623992216883044,6.071865612886208
output:326,4,8.810089025783897,7.623992216883044
output:325,4,11.02898123622998,7.623992216883044
output:324,4,13.953354819243627,7.623992216883044
output:288,-1,-1.0,-1.0
output:289,-1,-1.0,-1.0
output:290,-1,-1.0,-1.0
output:343,-1,-1.0,-1.0
output:342,-1,-1.0,-1.0
output:341,-1,-1.0,-1.0
output:351,-1,-1.0,-1.0
output:350,-1,-1.0,-1.0
output:349,-1,-1.0,-1.0
output:348,-1,-1.0,-1.0
output:347,-1,-1.0,-1.0
output:346,-1,-1.0,-1.0
output:345,-1,-1.0,-1.0
output:344,-1,-1.0,-1.0
output:373,5,8.158364725339036,-1.0
output:2015,5,6.036827967101275,8.158364725339036
output:1149,5,7.656655715655947,6.036827967101275
output:428,5,7.16255410101092,6.036827967101275
output:1569,5,6.7145184019439625,6.036827967101275
output:1835,5,7.325583267875095,6.036827967101275
output:669,5,8.007116404963508,6.7145184019439625
output:557,5,10.649624762255915,6.849611866862338
output:487,5,7.251548573580918,7.16255410101092
output:1881,5,10.472866181031133,7.251548573580918
output:861,5,9.905608792532474,7.251548573580918
output:743,5,11.28733324881432,7.251548573580918
output:1595,5,10.196163865376578,8.007116404963508
output:742,5,8.734923191704247,9.313097543531864
output:1067,5,10.91709821495497,8.734923191704247
output:598,5,8.092363741890374,8.734923191704247
output:832,5,7.714460621275337,8.092363741890374
output:401,5,9.241756699694282,7.714460621275337
output:1148,5,8.44902486969433,7.714460621275337
output:805,5,8.44902486969433,7.714460621275337
output:1905,5,13.119604195642632,8.44902486969433
output:967,5,11.903452746364996,8.44902486969433
output:1068,5,8.879637230635174,11.28733324881432
output:1518,5,7.923995857267481,8.879637230635174
output:2045,5,7.669392917312951,7.923995857267481
output:1150,5,8.879637230635174,7.669392917312951
output:968,5,8.688875783254986,7.669392917312951
output:599,5,7.923995857267481,7.669392917312951
output:670,5,10.873269523448272,7.923995857267481
output:744,5,10.481928456159775,8.680703946708137
output:558,5,16.681073198299863,10.481928456159775
output:668,5,14.956689475745865,14.956689475745865
output:1987,5,14.082282533553792,14.956689475745865
output:458,5,12.93725767232112,14.082282533553792
output:556,5,9.122774730737856,12.93725767232112
output:741,5,8.17308754692926,9.122774730737856
output:1066,5,7.499495383302827,8.17308754692926
output:1488,5,8.049069184395576,7.499495383302827
output:1147,5,9.686071445467977,7.499495383302827
output:1809,5,8.247282118381069,7.499495383302827
output:597,5,12.11844654445484,8.049069184395576
output:966,5,17.627735362955747,12.11844654445484
output:1931,5,18.168269980313188,12.11844654445484
output:667,5,14.572220397760196,16.629023032160283
output:2044,5,14.821941958177703,14.572220397760196
output:1146,5,14.431820120764392,14.572220397760196
output:1065,5,10.586823670082268,14.431820120764392
output:740,5,9.765292012708583,10.586823670082268
output:555,5,10.586823670082268,9.765292012708583
output:1063,5,8.846839646986385,9.765292012708583
output:427,5,8.34867827718648,8.846839646986385
output:1064,5,6.876873327351695,8.34867827718648
output:1517,5,7.917433677203099,6.876873327351695
output:486,5,6.329860904098534,7.917433677203099
output:860,5,7.4834253721944926,6.329860904098534
output:596,5,8.50824166052915,6.329860904098534
output:1834,5,6.959513247814703,6.329860904098534
output:1880,5,9.285584868514043,6.329860904098534
output:965,5,9.24683392244887,6.959513247814703
output:2014,5,10.45096180575203,7.04306535521661
output:1568,5,10.12847022983863,9.24683392244887
output:372,5,9.41275649796923,9.24683392244887
output:666,5,9.579063368432763,9.24683392244887
output:1145,5,11.75936492298664,9.41275649796923
output:400,5,8.537810869650865,9.579063368432763
output:1062,5,9.133321790441084,8.537810869650865
output:804,5,6.513165223535876,8.537810869650865
output:1594,5,5.143612932208235,6.513165223535876
output:739,5,5.222072127109248,5.143612932208235
output:831,5,6.513165223535876,5.143612932208235
output:554,5,8.321262335130072,5.543110058775454
output:1904,5,9.553499364464953,6.513165223535876
output:457,5,10.228698730307304,9.553499364464953
output:1808,5,9.526428409228881,9.553499364464953
output:1144,5,8.654094399409292,9.526428409228881
output:1930,5,10.838468182814799,8.654094399409292
output:665,5,7.907613310358772,8.654094399409292
output:595,5,9.23382988398787,7.907613310358772
output:1487,5,10.469155499529247,7.907613310358772
output:1986,5,12.020535737851542,8.654094399409292
output:964,5,13.664338254530511,10.265917689529273
output:738,5,7.722419737244949,10.469155499529247
output:1061,5,6.6753739064192725,7.722419737244949
output:553,5,5.7684948678236925,6.6753739064192725
output:1833,5,5.516825684213761,5.7684948678236925
output:426,5,4.843949268684647,5.516825684213761
output:1807,5,5.382173140065263,4.843949268684647
output:485,5,4.629145118938515,4.843949268684647
output:1516,5,5.728913838596584,4.629145118938515
output:1567,5,4.843949268684647,4.629145118938515
output:830,5,5.740480890909699,4.843949268684647
output:371,5,5.234231807926142,4.843949268684647
output:1879,5,5.614637779341897,5.234231807926142
output:2041,5,7.0798854128033675,5.234231807926142
output:803,5,6.0164128154533945,5.547513545555538
output:1143,5,4.4268643682987765,5.614637779341897
output:664,5,5.088888871025883,4.4268643682987765
output:1985,5,4.8964891041859495,4.4268643682987765
output:1593,5,5.51128365964308,4.4268643682987765
output:456,5,4.676843906269155,4.676843906269155
output:1903,5,5.180064790767516,4.676843906269155
output:399,5,5.712337230166108,4.676843906269155
output:1929,5,5.6666368409781676,4.857302581995998
output:1060,5,7.567014474813746,5.180064790767516
output:859,5,8.695593081052337,5.740480890909699
output:2013,5,9.990768850637984,6.111336952590606
output:594,5,9.33314152927354,7.567014474813746
output:737,5,10.962323061560895,7.567014474813746
output:1486,5,6.965265875203728,9.33314152927354
output:1806,5,8.474529513591536,6.965265875203728
output:1832,5,5.871959613618663,6.965265875203728
output:552,5,6.965265875203728,5.871959613618663
output:1142,5,6.291995138495077,5.871959613618663
output:425,5,8.474529513591536,5.871959613618663
output:2012,5,8.800905238340647,6.291995138495077
output:1515,5,9.190623907387103,9.176585372033715
output:663,5,9.258453254784746,9.190623907387103
output:802,5,8.004756829603728,9.190623907387103
output:829,5,7.392216871408239,8.004756829603728
output:1059,5,9.24460543461605,7.392216871408239
output:858,5,9.487060177057469,7.392216871408239
output:484,5,9.313342729705452,9.040950281794778
output:1928,5,8.243422583936242,9.313342729705452
output:1566,5,8.260170654957768,8.243422583936242
output:2040,5,12.407854853814378,8.243422583936242
output:1592,5,8.281097735258756,8.243422583936242
output:398,5,7.93512746473535,8.260170654957768
output:736,5,7.085833857201597,7.93512746473535
output:593,5,5.7691607919046985,7.085833857201597
output:1902,5,8.012944345946327,5.7691607919046985
output:1878,5,7.4414939936655085,5.7691607919046985
output:455,5,6.301681734971075,5.7691607919046985
output:662,5,8.012944345946327,5.7691607919046985
output:551,5,9.530111601989294,6.301681734971075
output:1141,5,11.671084474399306,8.012944345946327
output:2042,5,14.767755015553522,9.990768850637984
output:1058,5,12.56237438247728,12.40955025671361
output:370,5,13.6476325818975,12.56237438247728
output:1984,5,19.4825189572273,12.56237438247728
output:1514,5,17.50310393351983,12.56237438247728
output:2043,5,-1.0,13.245980649261808
output:661,5,17.04235132648418,15.589925785577664
output:1151,5,12.823923777518269,16.681073198299863
output:1489,5,8.103562624049761,12.823923777518269
output:1810,5,7.696749559285879,8.103562624049761
output:969,5,6.591667870257756,7.696749559285879
output:745,5,6.875293325196218,6.591667870257756
output:459,5,7.696749559285879,6.591667870257756
output:1069,5,10.470152335740357,6.591667870257756
output:1988,5,8.31891839701289,6.875293325196218
output:671,5,9.7634283297934,6.875293325196218
output:600,5,10.607380395512008,8.31891839701289
output:559,5,9.7634283297934,9.7634283297934
output:833,5,13.116003926601872,9.7634283297934
output:1152,5,11.088190117355763,9.7634283297934
output:402,5,12.297471091495455,9.7634283297934
output:806,5,9.293738065444119,11.088190117355763
output:1070,5,9.204201502517137,9.293738065444119
output:1906,5,7.512949276923478,9.204201502517137
output:746,5,7.268978530833529,7.512949276923478
output:1519,5,6.643690542799083,7.268978530833529
output:2016,5,7.695002240859691,6.643690542799083
output:1570,5,8.836785245811472,6.643690542799083
output:1153,5,8.445126015279296,7.695002240859691
output:374,5,6.399485093009303,7.87442990653709
output:970,5,5.029669269946022,6.399485093009303
output:1836,5,5.126275508765821,5.029669269946022
output:672,5,5.78023553168083,5.029669269946022
output:1596,5,6.399485093009303,5.029669269946022
output:429,5,7.082048116046249,5.029669269946022
output:560,5,8.078945150021882,7.280084276763138
output:488,5,8.71244574588442,7.972624030867135
output:747,5,9.489495186261122,8.078945150021882
output:601,5,9.390696800287879,8.078945150021882
output:1932,5,15.574276418337865,14.33799366890352
output:862,5,14.836238183982932,14.836238183982932
output:1154,5,17.839034944693026,14.836238183982932
output:1882,5,15.80372045909558,14.836238183982932
output:2046,5,17.021285794143125,14.836238183982932
output:1071,5,18.25289753718764,14.836238183982932
output:673,5,12.582800110985005,15.80372045909558
output:1520,5,11.451601545711437,12.582800110985005
output:1155,5,7.802000815771412,11.451601545711437
output:748,5,9.023139916876923,7.802000815771412
output:971,5,9.59869504253418,7.802000815771412
output:561,5,9.00052277026972,7.802000815771412
output:602,5,7.873651876173142,7.873651876173142
output:460,5,9.00052277026972,7.873651876173142
output:1933,5,8.987294805854095,9.00052277026972
output:1490,5,8.56061562457774,8.987294805854095
output:1811,5,10.840790493298964,8.56061562457774
output:1072,5,10.246096702644776,8.56061562457774
output:1989,5,10.840790493298964,8.56061562457774
output:403,5,8.695977502940922,10.246096702644776
output:489,5,5.551933343635919,8.695977502940922
output:807,5,5.220950796304769,5.551933343635919
output:375,5,6.101911995534459,5.220950796304769
output:674,5,4.186274321687326,5.220950796304769
output:2017,5,7.638796822491709,4.186274321687326
output:1907,5,6.179543064628283,4.186274321687326
output:834,5,8.361008218043855,4.186274321687326
output:1156,5,4.440016039538723,5.220950796304769
output:1571,5,5.107297195696213,4.440016039538723
output:1521,5,4.196398865637378,4.440016039538723
output:430,5,3.828026509067867,4.196398865637378
output:863,5,4.440016039538723,3.828026509067867
output:749,5,5.107297195696213,3.828026509067867
output:562,5,5.997343301244903,5.107297195696213
output:972,5,6.66043517019945,5.997343301244903
output:461,5,6.1060513688584335,5.997343301244903
output:1597,5,6.569433187982652,5.997343301244903
output:1883,5,7.631768271336673,6.1060513688584335
output:603,5,8.696859785987348,6.1060513688584335
output:2047,5,11.145260813192701,6.569433187982652
output:1837,5,9.621732462716873,7.631768271336673
output:1934,5,8.592752731493423,9.621732462716873
output:1073,5,10.008611600784498,8.592752731493423
output:1990,5,7.976972487331147,8.592752731493423
output:675,5,8.96087835403779,7.976972487331147
output:1491,5,6.83477314383101,7.976972487331147
output:1812,5,5.748815822720548,6.83477314383101
output:1908,5,4.403174609718051,5.748815822720548
output:490,5,5.093403658395811,4.403174609718051
output:404,5,5.748815822720548,4.403174609718051
output:808,5,6.931655108643863,4.403174609718051
output:750,5,6.609602445601598,4.403174609718051
output:835,5,9.313064875407646,5.748815822720548
output:376,5,6.321956844910787,6.321956844910787
output:1522,5,4.813182100447142,6.321956844910787
output:563,5,4.876021421731134,4.813182100447142
output:1598,5,5.391925129322343,4.813182100447142
output:1572,5,6.854067081315345,4.813182100447142
output:2048,5,6.205230335289171,4.813182100447142
output:431,5,5.8316471192498165,4.876021421731134
output:462,5,5.860758836318848,4.876021421731134
output:973,5,6.462903900756041,5.391747356237656
output:865,5,7.4849681709512295,5.595955659628817
output:1158,5,6.462903900756041,5.860758836318848
output:604,5,8.642231459557847,5.860758836318848
output:1884,5,8.256242868404208,6.590677305012184
output:2018,5,10.080996379281295,6.609602445601598
output:1157,5,9.05441509704144,7.976972487331147
output:1838,5,9.402621981624145,8.256242868404208
output:676,5,9.828755195925584,8.256242868404208
output:864,5,13.852203946336427,9.313064875407646
output:1935,5,9.861630431086231,9.402621981624145
output:1074,5,10.778043290967062,9.475324484063242
output:1991,5,8.78506043587411,9.861630431086231
output:751,5,8.148056359971811,8.78506043587411
output:2019,5,7.87358205049971,8.148056359971811
output:1492,5,6.931125138706273,7.87358205049971
output:564,5,6.2193630418366235,6.931125138706273
output:491,5,7.5783470977916085,6.2193630418366235
output:836,5,9.720237339456233,6.2193630418366235
output:1813,5,6.931125138706273,6.883386869918757
output:1909,5,6.652611480430291,6.931125138706273
output:1159,5,5.559489350353736,6.652611480430291
output:405,5,6.077865972893398,5.559489350353736
output:377,5,4.436973366318289,5.559489350353736
output:2049,5,5.1598001330248895,4.436973366318289
output:1599,5,4.285924350376487,4.436973366318289
output:974,5,4.436973366318289,4.285924350376487
output:605,5,5.142306449698073,4.285924350376487
output:432,5,5.958866605773553,4.285924350376487
output:1573,5,5.035000442351391,4.362992870683176
output:463,5,5.431995238115621,4.436973366318289
output:1523,5,9.446192031081216,5.749177895729736
output:809,5,8.214777597816576,6.077865972893398
output:866,5,11.49087969850289,7.87358205049971
output:1839,5,7.594771531314652,9.426427692591371
output:1885,5,9.998333073868375,7.594771531314652
output:1075,5,5.516897101456563,7.594771531314652
output:565,5,5.514389719335541,5.516897101456563
output:752,5,6.313628268012037,5.514389719335541
output:1936,5,9.667062926388967,5.514389719335541
output:677,5,9.60648543954941,5.514389719335541
output:837,5,12.931985730486218,9.667062926388967
output:1160,5,16.452500961832875,12.931985730486218
output:1992,5,13.351083408345975,12.931985730486218
output:492,5,10.549809598439008,13.351083408345975
output:975,5,12.340850260173093,10.549809598439008
output:1493,5,15.846922518325806,10.549809598439008
output:2020,5,8.841378783731516,10.549809598439008
output:1910,5,7.8983154902152775,8.841378783731516
output:606,5,7.203879895131408,7.8983154902152775
output:753,5,7.081744413357062,7.203879895131408
output:1600,5,6.792887327514995,7.081744413357062
output:406,5,7.917456049767122,6.792887327514995
output:566,5,8.246462602020145,6.792887327514995
output:678,5,11.185160902297563,7.203879895131408
output:1161,5,12.979469674198384,7.917456049767122
output:1076,5,12.253031268993169,7.917456049767122
output:867,5,14.397925592064222,10.382240877588286
output:1814,5,14.757041768301448,12.253031268993169
output:378,5,13.66597267119598,14.757041768301448
output:2050,5,14.07808411346562,13.66597267119598
output:433,5,12.556770895330452,13.66597267119598
output:1574,5,9.30825398531708,12.556770895330452
output:1886,5,9.830690302335377,9.30825398531708
output:1840,5,7.312563795548433,9.30825398531708
output:464,5,6.962278036298863,7.312563795548433
output:976,5,7.312563795548433,6.962278036298863
output:838,5,8.607770470301274,6.962278036298863
output:1524,5,7.189957806687049,6.962278036298863
output:754,5,7.888201702717124,7.189957806687049
output:1162,5,9.014429620706059,7.189957806687049
output:679,5,10.835649029370295,7.312563795548433
output:607,5,8.725729450292592,7.888201702717124
output:567,5,9.27564403253068,7.888201702717124
output:1077,5,10.801457162035573,7.888201702717124
output:1937,5,9.27564403253068,8.300726964113794
output:810,5,-1.0,16.023607675041557
output:735,5,14.830164549069655,17.04235132648418
output:592,5,11.221423260351745,14.830164549069655
output:550,5,13.254150550852145,11.221423260351745
output:660,5,13.943126396746306,11.221423260351745
output:1057,5,9.753555078567398,11.221423260351745
output:1485,5,11.395603333366092,9.753555078567398
output:2011,5,14.934515145421594,9.753555078567398
output:424,5,13.91702844950901,11.395603333366092
output:1140,5,17.70175577324256,13.91702844950901
output:1513,5,11.61365263289501,13.91702844950901
output:1805,5,8.753675869263802,11.61365263289501
output:659,5,7.857249178875128,8.753675869263802
output:734,5,8.962621416533889,7.857249178875128
output:1056,5,8.39782725107089,7.857249178875128
output:1831,5,8.753675869263802,7.857249178875128
output:801,5,8.962621416533889,8.753675869263802
output:828,5,11.03172709630392,8.962621416533889
output:549,5,11.232904974274597,8.962621416533889
output:857,5,10.505487620979121,8.962621416533889
output:591,5,8.426192417362108,10.505487620979121
output:1927,5,10.291728479804332,8.426192417362108
output:658,5,10.568515199665692,8.426192417362108
output:483,5,9.165243239523253,8.426192417362108
output:2039,5,12.073554020934726,9.165243239523253
output:1139,5,15.685080883869556,9.165243239523253
output:1565,5,9.25173756980977,9.509488557758143
output:1055,5,10.263231028243371,9.25173756980977
output:397,5,8.58750276624809,9.25173756980977
output:1591,5,6.031225008178847,8.58750276624809
output:733,5,7.496149508427681,6.031225008178847
output:1512,5,8.58750276624809,6.031225008178847
output:454,5,9.609361860048075,6.031225008178847
output:1901,5,10.16245525893156,8.58750276624809
output:1877,5,14.532761979488189,10.16245525893156
output:1138,5,14.679651347797126,10.211685022464133
output:657,5,12.628680853735984,14.532761979488189
output:548,5,12.803834054175633,12.628680853735984
output:590,5,10.178142012842855,12.628680853735984
output:369,5,9.46905488937484,10.178142012842855
output:1983,5,10.652059000847471,9.46905488937484
output:1054,5,11.209902150285014,9.46905488937484
output:1137,5,15.172282964498033,9.46905488937484
output:1136,5,14.835187254934688,11.209902150285014
output:732,5,16.834345719844485,11.74502575698634
output:2010,5,11.554804075125647,14.835187254934688
output:1135,5,13.506696596626654,11.554804075125647
output:423,5,11.81193598022629,11.554804075125647
output:547,5,11.554804075125647,11.554804075125647
output:1134,5,17.25264266504054,11.554804075125647
output:656,5,17.25264266504054,11.554804075125647
output:1484,5,13.018020953606817,11.81193598022629
output:546,5,9.446112901533711,13.018020953606817
output:1053,5,7.555826677640582,9.446112901533711
output:1133,5,9.36236202266056,7.555826677640582
output:800,5,7.301388423387461,7.555826677640582
output:589,5,7.785758863036032,7.301388423387461
output:1804,5,7.555826677640582,7.301388423387461
output:731,5,7.558198166240122,7.301388423387461
output:827,5,8.346081751397698,7.555826677640582
output:545,5,11.15204373678188,7.558198166240122
output:1830,5,12.413056851620658,8.346081751397698
output:482,5,13.902972420626593,11.15204373678188
output:655,5,12.413056851620658,12.413056851620658
output:856,5,13.262987922996025,12.413056851620658
output:1132,5,13.139572727753231,12.413056851620658
output:2038,5,14.32686000429109,12.413056851620658
output:396,5,6.1275922326000005,13.139572727753231
output:453,5,4.782784453729827,6.1275922326000005
output:1511,5,4.134815878714678,4.782784453729827
output:1052,5,5.493359953986873,4.134815878714678
output:654,5,6.1275922326000005,4.134815878714678
output:1926,5,5.801845518285172,4.134815878714678
output:1564,5,5.493359953986873,5.128732034258137
output:1590,5,6.537805593340383,5.493359953986873
output:730,5,7.764303630974833,5.493359953986873
output:588,5,10.564167004619652,7.764303630974833
output:1876,5,11.25964903038276,7.764303630974833
output:1900,5,15.206670237710938,11.25964903038276
output:544,5,16.893076204211145,11.25964903038276
output:368,5,14.73605570473828,15.206670237710938
output:1131,5,11.561464008598579,14.73605570473828
output:2009,5,10.026896103208452,11.561464008598579
output:653,5,10.560734083240211,10.026896103208452
output:422,5,11.991963923048603,10.026896103208452
output:729,5,13.670095031420791,10.026896103208452
output:587,5,15.385737364208012,10.026896103208452
output:1051,5,13.670095031420791,11.561464008598579
output:1982,5,19.512199811064356,11.561464008598579
output:543,5,15.385737364208012,15.385737364208012
output:1803,5,8.795052045327191,15.385737364208012
output:799,5,8.859799500668162,8.795052045327191
output:1483,5,10.256667884540056,8.795052045327191
output:1050,5,7.1380529217462705,8.795052045327191
output:826,5,9.737941257612126,7.1380529217462705
output:1130,5,9.737941257612126,7.1380529217462705
output:652,5,10.605251599695634,7.701020087939451
output:728,5,10.955678031357154,9.737941257612126
output:2037,5,10.081383069160642,10.605251599695634
output:1875,5,8.449096252119906,10.081383069160642
output:366,5,7.293836634437101,8.449096252119906
output:365,5,7.445371578648879,7.293836634437101
output:1872,5,10.013084352660425,7.293836634437101
output:367,5,10.482232088939798,7.293836634437101
output:651,5,7.787708563569046,7.293836634437101
output:586,5,8.050406368088629,7.787708563569046
output:452,5,5.695641001056824,7.787708563569046
output:364,5,7.2030105922281615,5.695641001056824
output:542,5,4.812331785104937,5.695641001056824
output:1563,5,6.859753722139369,4.812331785104937
output:1925,5,5.229327803918293,4.812331785104937
output:855,5,8.050406368088629,4.812331785104937
output:395,5,6.638521922435665,4.812331785104937
output:1510,5,7.471674447458408,5.229327803918293
output:1129,5,10.32085740265656,7.471674447458408
output:1049,5,11.069780536776289,9.306942851039386
output:1589,5,13.923829707799332,9.981708285711115
output:727,5,14.716863115655004,10.32085740265656
output:481,5,11.098202131086593,10.374806633386722
output:1873,5,13.300761037479269,10.482232088939798
output:1829,5,13.99625400472867,10.955678031357154
output:1874,5,18.88758036552697,13.300761037479269
output:1981,5,9.54060310765953,14.716863115655004
output:1899,5,7.395813091443518,9.54060310765953
output:1871,5,6.000612751050639,7.395813091443518
output:650,5,5.02430206618453,6.000612751050639
output:585,5,8.855484394379934,5.02430206618453
output:363,5,7.331655285266906,5.02430206618453
output:2008,5,10.29207736336688,7.331655285266906
output:421,5,9.283541781119288,7.331655285266906
output:541,5,9.177005070548292,7.448966985645869
output:825,5,8.515280785599808,9.177005070548292
output:726,5,6.715957001654876,8.515280785599808
output:1128,5,4.385276681854117,6.715957001654876
output:2036,5,4.487690298077945,4.385276681854117
output:1048,5,6.930338669299906,4.385276681854117
output:1562,5,6.765268557375576,4.385276681854117
output:451,5,6.323104299165191,4.385276681854117
output:1802,5,7.450414672272849,6.323104299165191
output:798,5,6.9075234267215295,6.323104299165191
output:480,5,7.152184111827956,6.9075234267215295
output:649,5,6.22368516662674,6.9075234267215295
output:1482,5,6.1038446565682705,6.22368516662674
output:394,5,6.22631797211016,6.1038446565682705
output:1924,5,7.582701442999065,6.1038446565682705
output:1127,5,6.381982214662663,6.1038446565682705
output:1509,5,6.079882533570395,6.381982214662663
output:1980,5,6.305406936651172,6.079882533570395
output:2007,5,3.9538700257713484,6.079882533570395
output:1870,5,4.96247869382517,3.9538700257713484
output:1588,5,5.656000888558582,3.9538700257713484
output:540,5,5.294908699340002,3.9538700257713484
output:584,5,7.873267011229815,4.96247869382517
output:420,5,5.656000888558582,5.128316386712471
output:362,5,9.625519017836883,6.156353264086915
output:1898,5,6.739508712227553,6.739508712227553
output:450,5,5.785316566670668,6.739508712227553
output:725,5,5.470948773461656,5.785316566670668
output:361,5,3.727710136149363,5.470948773461656
output:824,5,4.49551455404869,3.727710136149363
output:1801,5,4.465735044616141,3.727710136149363
output:2035,5,4.49551455404869,3.727710136149363
output:449,5,5.203176867523501,4.465735044616141
output:1047,5,6.281319700690443,4.465735044616141
output:479,5,5.203176867523501,4.538686064705461
output:853,5,3.4861632396418036,5.203176867523501
output:1923,5,3.5047629861674934,3.4861632396418036
output:1559,5,4.781370267531763,3.4861632396418036
output:648,5,3.2929397690192133,3.4861632396418036
output:393,5,3.4861632396418036,3.2929397690192133
output:797,5,4.06119030513579,3.2929397690192133
output:1827,5,4.207617279285674,4.06119030513579
output:1481,5,5.193086487556625,4.207617279285674
output:1978,5,4.018412781397863,4.207617279285674
output:1979,5,3.977810291037481,4.018412781397863
output:2003,5,4.430124889716066,3.977810291037481
output:1799,5,3.875101183757605,3.977810291037481
output:1826,5,2.2014308306623285,3.875101183757605
output:1480,5,2.077267989613653,2.2014308306623285
output:1558,5,1.5870020124778055,2.077267989613653
output:1504,5,1.6861922744782174,1.5870020124778055
output:1557,5,1.5431448504840164,1.5870020124778055
output:447,5,1.6419578361162463,1.5431448504840164
output:795,5,1.4437540999104226,1.5431448504840164
output:1921,5,1.680935442627382,1.4437540999104226
output:360,5,1.8658245687182984,1.4437540999104226
output:1896,5,2.0872761870119123,1.680935442627382
output:476,5,1.9615814552093085,1.680935442627382
output:1824,5,2.627556513060774,1.9615814552093085
output:1869,5,2.651525259667676,1.9615814552093085
output:1897,5,2.579618969345064,2.0872761870119123
output:389,5,2.1498220538991224,2.13647707428504
output:1586,5,2.513366064811914,2.1498220538991224
output:1868,5,2.981917842678889,2.1498220538991224
output:417,5,2.5213723147585303,2.1498220538991224
output:448,5,3.830456954262887,2.151095705861391
output:821,5,1.567978458189767,2.384425541273195
output:1922,5,1.7528724951823433,1.567978458189767
output:1505,5,1.533018487616404,1.567978458189767
output:851,5,1.567978458189767,1.533018487616404
output:796,5,1.539854059608551,1.533018487616404
output:477,5,2.440473704123692,1.533018487616404
output:1825,5,2.009837466513704,1.539854059608551
output:1506,5,2.401820855767773,1.539854059608551
output:1507,5,2.634435810472044,1.7742651988406861
output:1587,5,2.3701863715844858,2.222259736817553
output:822,5,3.068955299841636,2.3701863715844858
output:823,5,3.6899442144948296,2.3701863715844858
output:446,5,3.3839179818605216,2.5213723147585303
output:418,5,3.360598996550313,2.6108246103563304
output:1508,5,3.1565765995948447,2.627556513060774
output:359,5,4.141521941265374,2.9275027759813677
output:478,5,4.30466711941671,3.088113419211685
output:794,5,4.142321723469912,3.3200854133962086
output:391,5,3.977810291037481,3.875101183757605
output:2033,5,4.786702348756472,3.977810291037481
output:392,5,5.023955821230614,3.977810291037481
output:852,5,5.057783410617876,3.977810291037481
output:1800,5,5.579655418282369,3.977810291037481
output:793,5,4.3569169601261235,4.024961272241126
output:390,5,5.320103719623797,4.142321723469912
output:1126,5,7.0463954912484414,4.207617279285674
output:419,5,7.480606380400281,4.30466711941671
output:583,5,6.839415141218793,4.3569169601261235
output:2004,5,4.430124889716066,4.430124889716066
output:2034,5,6.429266000841416,4.430124889716066
output:539,5,5.333387119168727,5.333387119168727
output:1503,5,5.6700811579617945,5.333387119168727
output:511,5,6.941623758138817,5.333387119168727
output:2032,5,7.669661357010271,5.333387119168727
output:1479,5,7.462754071284073,5.333387119168727
output:2005,5,9.280747540900151,6.742189910118834
output:724,5,10.87474799130895,6.839415141218793
output:2006,5,9.795764059553045,6.885141079524602
output:854,5,11.809669613625328,6.9075234267215295
output:475,5,9.98036093194878,7.462754071284073
output:1828,5,12.418207219623017,7.710148300337893
output:647,5,14.384923757254446,10.211209613771683
output:1046,5,18.60761677669478,11.559856157083988
output:1125,5,18.241495982958597,13.448685714150942
output:1556,5,16.80667462886422,15.45730300398151
output:892,5,-1.0,15.614234326386114
output:792,5,15.26754425143536,15.92057828768068
output:850,5,16.280768166806673,15.26754425143536
output:1977,5,14.974860290095991,15.26754425143536
output:1798,5,15.61735464398145,14.974860290095991
output:445,5,19.259586862749778,14.974860290095991
output:512,5,12.106839852223787,15.61735464398145
output:1555,5,13.59525550436928,12.106839852223787
output:1117,5,12.140281144716894,12.106839852223787
output:639,5,9.052899452286228,12.106839852223787
output:2002,5,7.984201769370354,9.052899452286228
output:715,5,5.926943497527599,7.984201769370354
output:358,5,4.666826528497439,5.926943497527599
output:791,5,5.052980995880133,4.666826528497439
output:1045,5,5.747233179173607,4.666826528497439
output:576,5,6.113045838969251,4.666826528497439
output:1585,5,6.113045838969251,4.666826528497439
output:504,5,14.432464437706203,11.518503041925735
output:532,5,16.439393572544496,12.106839852223787
output:879,5,15.539859195393134,13.688927740090989
output:1895,5,10.671406530719082,14.037504906328499
output:1867,5,11.24879796124684,10.671406530719082
output:1823,5,9.409775564156508,10.671406530719082
output:531,5,10.11501184475577,9.409775564156508
output:1920,5,6.4048177124840535,9.409775564156508
output:1116,5,7.414393785340506,6.4048177124840535
output:416,5,7.796855143294407,6.4048177124840535
output:513,5,6.40003406579183,6.4048177124840535
output:638,5,6.256361708650325,6.40003406579183
output:1554,5,7.032547729479475,6.256361708650325
output:714,5,7.649761221032879,7.032547729479475
output:820,5,7.465048706653843,7.032547729479475
output:1044,5,8.106676216785088,7.032547729479475
output:575,5,7.3869804572394955,7.465048706653843
output:790,5,9.421007489022138,7.3869804572394955
output:849,5,12.32097845384232,7.3869804572394955
output:2031,5,12.043560824531072,7.3869804572394955
output:878,5,11.265368021488436,8.41322620157939
output:474,5,9.638327990684731,9.61437685934623
output:1478,5,11.765286846548063,9.638327990684731
output:503,5,11.612556804457284,9.638327990684731
output:388,5,14.432464437706203,10.671406530719082
output:1584,5,12.041802157715052,11.612556804457284
output:1502,5,8.3438846734691,11.612556804457284
output:1115,5,9.66325261947849,8.3438846734691
output:713,5,9.92611604286396,8.3438846734691
output:877,5,11.259774394743836,9.40777585504931
output:637,5,8.646612413474934,9.66325261947849
output:1043,5,9.92611604286396,8.646612413474934
output:1797,5,10.740913174219353,8.646612413474934
output:530,5,14.606124249746008,9.66325261947849
output:1553,5,8.765291458510562,9.92611604286396
output:789,5,8.862109774650307,8.765291458510562
output:444,5,9.023714660824789,8.765291458510562
output:574,5,8.765291458510562,8.765291458510562
output:1976,5,8.862109774650307,8.765291458510562
output:848,5,13.221199476239208,8.765291458510562
output:1114,5,11.83556345558778,8.862109774650307
output:1583,5,10.840699878938556,10.67219864941661
output:357,5,7.3291084880927695,10.840699878938556
output:712,5,7.438991465301337,7.3291084880927695
output:1866,5,5.592921136112789,7.3291084880927695
output:502,5,5.434455367162498,5.592921136112789
output:2001,5,4.8046687498116665,5.434455367162498
output:387,5,5.592921136112789,4.8046687498116665
output:1042,5,5.825713117806779,4.8046687498116665
output:2030,5,5.825713117806779,4.8046687498116665
output:819,5,7.865753314249404,5.825713117806779
output:529,5,8.684081686693304,5.825713117806779
output:636,5,7.438991465301337,6.839162635574266
output:876,5,9.837807462867762,7.438991465301337
output:1919,5,9.837807462867762,7.865753314249404
output:415,5,9.200975222575261,9.837807462867762
output:1552,5,8.017735627200022,9.200975222575261
output:788,5,7.395162035310784,8.017735627200022
output:847,5,5.8675820139058965,7.395162035310784
output:1894,5,6.701054377438717,5.8675820139058965
output:473,5,8.017735627200022,5.8675820139058965
output:573,5,8.435707060529628,5.8675820139058965
output:711,5,6.906143469307079,6.701054377438717
output:1113,5,10.3750848043659,6.906143469307079
output:1822,5,10.55541615645511,6.906143469307079
output:1582,5,10.124018223627251,10.059203296210738
output:2029,5,8.888093926642698,10.124018223627251
output:1041,5,5.688977819376312,8.888093926642698
output:1975,5,5.623886492079644,5.688977819376312
output:635,5,8.382613835071675,5.623886492079644
output:1865,5,5.018768098668182,5.623886492079644
output:875,5,7.946870807116184,5.018768098668182
output:501,5,7.093025102248265,5.018768098668182
output:818,5,6.005874825572533,5.018768098668182
output:710,5,6.186755500343526,5.709777202354191
output:1918,5,5.794289268757527,6.005874825572533
output:386,5,6.186755500343526,5.794289268757527
output:2000,5,7.2654635873102675,5.794289268757527
output:1611,5,6.313411379919199,5.794289268757527
output:846,5,7.430005528914633,6.073885037961133
output:1112,5,4.275560248943561,6.313411379919199
output:572,5,5.853106041644356,4.275560248943561
output:1551,5,5.116062838548943,4.275560248943561
output:1477,5,5.856917529275669,4.275560248943561
output:414,5,4.761429451686983,4.275560248943561
output:787,5,5.853106041644356,4.761429451686983
output:472,5,7.814460216210906,5.853106041644356
output:1501,5,6.6172194748235365,5.853106041644356
output:1581,5,10.218535189859788,7.814460216210906
output:528,5,13.223024939866384,9.121525035844297
output:1040,5,6.933139695173681,10.218535189859788
output:2028,5,7.996311700446753,6.933139695173681
output:1796,5,6.96538536548846,6.933139695173681
output:443,5,7.996311700446753,6.933139695173681
output:527,5,8.97097244840677,6.933139695173681
output:634,5,9.036195273420303,6.96538536548846
output:709,5,9.063725135478126,6.96538536548846
output:1999,5,7.3929001766378475,7.3929001766378475
output:1821,5,5.309290382022667,7.3929001766378475
output:1893,5,5.981268158271983,5.309290382022667
output:1917,5,5.712000099878962,5.309290382022667
output:874,5,6.14547576483641,5.309290382022667
output:500,5,5.090062209353716,5.309290382022667
output:817,5,6.448514072033233,5.090062209353716
output:845,5,6.682475019718151,5.090062209353716
output:1088,5,6.673041555259318,5.712000099878962
output:766,5,8.661861942904132,6.448514072033233
output:1089,5,7.189752849881843,6.448514072033233
output:1093,5,8.61441856786803,6.673041555259318
output:385,5,9.785894214882685,6.673041555259318
output:1090,5,4.361441954660681,7.189752849881843
output:1864,5,4.829047596938543,4.361441954660681
output:1608,5,4.829047596938543,4.361441954660681
output:692,5,3.9519578882780917,4.361441954660681
output:1111,5,4.473399870920219,3.9519578882780917
output:571,5,5.4181224450405665,3.9519578882780917
output:986,5,5.866935062218383,4.115581152226426
output:618,5,5.729965294236185,5.4181224450405665
output:1550,5,6.721789546164715,5.729965294236185
output:1091,5,7.130347564108329,5.729965294236185
output:786,5,6.617489949990013,5.729965294236185
output:356,5,7.222845446339798,6.617489949990013
output:1609,5,9.772523190803629,7.222845446339798
output:1094,5,9.58946815856259,7.36135334692351
output:1095,5,9.58946815856259,7.36135334692351
output:1531,5,10.376959909481391,8.61441856786803
output:471,5,11.399451474906023,8.61441856786803
output:1974,5,11.072005250911594,9.036195273420303
output:1039,5,8.925223089448044,9.772523190803629
output:1973,5,10.002325050322908,8.925223089448044
output:526,5,10.677068573212667,8.925223089448044
output:767,5,7.674734005487291,8.925223089448044
output:1795,5,9.097735380570837,7.674734005487291
output:633,5,10.002325050322908,7.674734005487291
output:708,5,8.925223089448044,7.674734005487291
output:1110,5,8.568620322412917,10.002325050322908
output:442,5,4.710117203619654,8.568620322412917
output:987,5,6.374711560577843,4.710117203619654
output:1863,5,4.485263244170464,4.710117203619654
output:1092,5,5.789847954469316,4.485263244170464
output:1549,5,4.688207309723658,4.485263244170464
output:785,5,5.0856810103549135,4.485263244170464
output:570,5,5.510369776953796,4.485263244170464
output:413,5,10.851882102796461,11.3710364441305
output:617,5,6.767750205853984,10.851882102796461
output:1607,5,7.329559890014867,6.767750205853984
output:1500,5,8.679145086256987,6.767750205853984
output:1580,5,5.222002716925198,6.767750205853984
output:691,5,9.030962737900516,5.222002716925198
output:499,5,8.305030683473008,5.222002716925198
output:2027,5,8.305030683473008,5.222002716925198
output:1846,5,8.02636757295385,8.163270363824005
output:873,5,6.103350060748953,8.02636757295385
output:765,5,6.478980578752632,6.103350060748953
output:844,5,4.3500999763210695,6.103350060748953
output:985,5,4.253597296796753,4.3500999763210695
output:1087,5,4.578812493125721,4.253597296796753
output:1916,5,4.076523280471906,4.253597296796753
output:816,5,4.578812493125721,4.076523280471906
output:1606,5,5.4016807326837135,4.076523280471906
output:1530,5,3.9614159046192,4.076523280471906
output:1998,5,5.293717200637237,3.9614159046192
output:517,5,6.879440626547743,3.9614159046192
output:1820,5,4.966539279055177,4.3500999763210695
output:1892,5,5.285206139456972,4.373429668087193
output:1946,5,6.911117642242904,4.966539279055177
output:693,5,12.335005245879058,9.002353587034646
output:384,5,8.919973740684089,10.550621653377549
output:498,5,9.160836772771736,8.919973740684089
output:690,5,9.100790011744603,8.919973740684089
output:470,5,11.184301781027537,8.919973740684089
output:412,5,8.897339557049435,8.919973740684089
output:2056,5,8.919973740684089,8.897339557049435
output:2026,5,9.512671743064656,8.897339557049435
output:616,5,8.719375501191351,8.897339557049435
output:1499,5,5.259607227125992,8.719375501191351
output:872,5,6.017386925902977,5.259607227125992
output:1579,5,5.750731594152657,5.259607227125992
output:764,5,6.590065329147477,5.259607227125992
output:1845,5,7.433242116990847,5.259607227125992
output:843,5,6.017386925902977,5.750731594152657
output:1891,5,7.434442954784107,6.017386925902977
output:1086,5,6.653065786983744,7.434442954784107
output:1605,5,4.307696707723029,6.653065786983744
output:984,5,5.568546535860346,4.307696707723029
output:1915,5,4.5493261751405445,4.307696707723029
output:1997,5,6.491777057616473,4.307696707723029
output:1942,5,4.307696707723029,4.307696707723029
output:815,5,7.098222504732659,4.307696707723029
output:469,5,4.355471465892616,4.307696707723029
output:1529,5,4.3042437726776805,4.307696707723029
output:1819,5,4.729941114454382,4.3042437726776805
output:2055,5,5.03579940385125,4.3042437726776805
output:497,5,4.789926493372052,4.3042437726776805
output:438,5,6.251796311977539,4.789926493372052
output:383,5,10.190582822678353,6.251796311977539
output:689,5,11.779931819564432,8.838277751719387
output:411,5,14.350784914886592,10.190582822678353
output:615,5,10.74097586332055,11.779931819564432
output:2025,5,12.343788567204323,10.74097586332055
output:1844,5,9.09542345644501,10.74097586332055
output:871,5,9.078668922056146,9.09542345644501
output:763,5,8.030324704556325,9.078668922056146
output:1498,5,12.326579083343521,8.030324704556325
output:842,5,7.193282258299111,8.030324704556325
output:1578,5,6.994274838039781,7.193282258299111
output:1085,5,6.613880023383949,6.994274838039781
output:468,5,6.407505906832614,6.613880023383949
output:1941,5,5.633309370062053,6.407505906832614
output:1914,5,6.210823558821465,5.633309370062053
output:983,5,5.467786328560022,5.633309370062053
output:814,5,6.245084374690606,5.467786328560022
output:1818,5,4.0173874806596634,5.467786328560022
output:437,5,5.467786328560022,4.0173874806596634
output:496,5,5.70552142827408,4.0173874806596634
output:2054,5,5.894313702969537,4.0173874806596634
output:1528,5,5.604551631379594,5.467786328560022
output:1604,5,7.846197531960859,5.604551631379594
output:688,5,7.929600902322264,5.70552142827408
output:1996,5,9.942007034219651,6.665941561693361
output:1890,5,8.27519734092992,6.734347920342169
output:1497,5,10.178245697947872,7.929600902322264
output:382,5,9.992031445571032,9.992031445571032
output:614,5,8.063720486120962,9.992031445571032
output:1843,5,9.525371563370733,8.063720486120962
output:410,5,10.178245697947872,8.063720486120962
output:762,5,11.477729415587616,8.063720486120962
output:1943,5,19.181736716482842,12.801822369824226
output:1972,5,15.088088265302773,13.185937957731738
output:514,5,17.92505544390864,13.958971768195271
output:1038,5,15.055649632684394,14.256161197549305
output:870,5,5.265784511497063,14.471926665763753
output:1577,5,4.613511354692012,5.265784511497063
output:1940,5,4.851512004707054,4.613511354692012
output:1603,5,3.9166198891146458,4.613511354692012
output:1084,5,4.171036790654895,3.9166198891146458
output:1889,5,5.265784511497063,3.9166198891146458
output:467,5,7.5322855839325875,5.3849478734636405
output:2024,5,8.449287112386891,7.05916682588694
output:841,5,9.382661776741381,7.5322855839325875
output:1995,5,10.495784831891365,7.5322855839325875
output:687,5,7.5322855839325875,7.5322855839325875
output:1913,5,8.824154623362073,7.5322855839325875
output:982,5,10.113333753629856,7.5322855839325875
output:436,5,8.565143589269216,8.824154623362073
output:813,5,7.061256739647348,8.565143589269216
output:1817,5,6.018536373522111,7.061256739647348
output:613,5,8.673477732894934,6.018536373522111
output:1527,5,8.396162735598969,6.018536373522111
output:761,5,7.903268936532263,6.018536373522111
output:1496,5,11.5220038851236,10.736089099904445
output:2053,5,15.010165568228365,11.126084383957759
output:381,5,12.244431511561523,11.5220038851236
output:495,5,12.192894270032824,11.5220038851236
output:1083,5,11.5220038851236,11.5220038851236
output:686,5,16.758238750017032,11.5220038851236
output:409,5,17.048420706428008,11.5220038851236
output:525,5,16.721309537220954,14.831505494967226
output:707,5,15.088088265302773,15.055649632684394
output:768,5,10.137949781809436,15.055649632684394
output:1109,5,11.537898526226956,10.137949781809436
output:988,5,13.832239344956044,10.137949781809436
output:1794,5,11.425520775554883,10.137949781809436
output:632,5,11.46657921007595,10.137949781809436
output:1971,5,11.425520775554883,11.425520775554883
output:1548,5,9.313100398829814,11.425520775554883
output:784,5,5.505420320407563,9.313100398829814
output:441,5,5.9336513707059595,5.505420320407563
output:1037,5,6.067790804299143,5.505420320407563
output:1862,5,5.008505138603612,5.505420320407563
output:355,5,5.505420320407563,5.008505138603612
output:569,5,6.79044195046007,5.008505138603612
output:706,5,7.45067038705248,6.79044195046007
output:1108,5,4.610071181403247,7.45067038705248
output:769,5,5.0708110946522,4.610071181403247
output:1793,5,5.980838491888369,4.610071181403247
output:631,5,5.207879544977102,4.610071181403247
output:524,5,6.194593716648737,4.610071181403247
output:989,5,7.142954727588683,5.0708110946522
output:783,5,7.142954727588683,5.207879544977102
output:1970,5,8.524504207044187,6.194593716648737
output:440,5,9.254083405605439,7.142954727588683
output:1036,5,11.91554709875481,7.142954727588683
output:640,5,15.270137556953603,15.539859195393134
output:716,5,17.597126754840733,15.270137556953603
output:577,5,-1.0,15.270137556953603
output:1118,5,-1.0,15.270137556953603
output:505,5,-1.0,15.270137556953603
output:2060,5,17.922513877475346,15.57015726480771
output:620,5,-1.0,16.599112167297616
output:1610,5,-1.0,17.03428405539273
output:619,5,-1.0,17.42291175303662
output:760,5,-1.0,17.433601983118155
output:694,5,12.339152596606153,17.922513877475346
output:1476,5,15.82671723297537,12.339152596606153
output:1534,5,17.49074902344171,12.339152596606153
output:1535,5,17.49074902344171,12.339152596606153
output:695,5,15.716972625518988,12.339152596606153
output:1948,5,6.662564742184632,15.716972625518988
output:2063,5,6.181666664519088,6.662564742184632
output:1035,5,8.970568417615096,6.181666664519088
output:1475,5,8.260220376271214,6.181666664519088
output:1474,5,8.260220376271214,6.181666664519088
output:698,5,8.970568417615096,6.181666664519088
output:568,5,8.341183484803144,8.260220376271214
output:439,5,10.332909834345363,8.341183484803144
output:1106,5,10.227002767627475,8.341183484803144
output:2062,5,8.9867279736275,8.341183484803144
output:630,5,10.235736023129652,8.753772386780856
output:519,5,11.93143015582696,8.970568417615096
output:1949,5,14.814526366241438,8.9867279736275
output:1612,5,12.442538233418137,8.9867279736275
output:1107,5,10.175120729261446,10.175120729261446
output:1947,5,12.546582186399595,10.175120729261446
output:518,5,17.491397139032856,14.389762972594362
output:621,5,17.544416851483124,14.819859021718058
output:622,5,19.7447335238567,17.471327221291034
output:354,5,-1.0,17.544416851483124
output:1547,5,-1.0,17.544416851483124
output:538,5,19.989429930312657,18.241495982958597
output:510,5,-1.0,18.241495982958597
output:1849,5,-1.0,19.181736716482842
output:1848,5,-1.0,19.181736716482842
output:1944,5,18.126669789182078,19.181736716482842
output:2059,5,-1.0,18.126669789182078
output:1945,5,-1.0,18.126669789182078
output:2057,5,-1.0,19.181736716482842
output:981,5,-1.0,19.343823438869897
output:2058,5,-1.0,19.693732498234898
output:515,5,-1.0,19.802609464940865
output:723,5,15.863427418690932,19.989429930312657
output:582,5,19.60502042045629,15.863427418690932
output:646,5,-1.0,15.863427418690932
output:1124,5,-1.0,15.863427418690932
output:537,5,19.60502042045629,19.60502042045629
output:722,5,16.390017019313234,19.60502042045629
output:509,5,17.901719703267986,16.390017019313234
output:645,5,-1.0,16.390017019313234
output:1123,5,19.632899905826637,16.390017019313234
output:581,5,19.374104916775355,16.390017019313234
output:721,5,19.374104916775355,19.374104916775355
output:644,5,17.489902281878802,19.374104916775355
output:536,5,17.67881499881886,17.489902281878802
output:1122,5,14.769998804494367,17.489902281878802
output:886,5,16.133992138225622,14.769998804494367
output:508,5,16.823463559941693,14.769998804494367
output:885,5,-1.0,16.133992138225622
output:883,5,-1.0,16.394582907009273
output:720,5,18.942981857041705,16.823463559941693
output:580,5,-1.0,16.823463559941693
output:1121,5,16.708499502895027,18.942981857041705
output:643,5,17.104115473070667,16.708499502895027
output:507,5,15.368544559976625,16.708499502895027
output:882,5,16.708499502895027,15.368544559976625
output:535,5,14.631815633519908,15.368544559976625
output:719,5,11.34014435815595,14.631815633519908
output:579,5,18.40781522190717,11.34014435815595
output:1120,5,18.165880659336374,11.34014435815595
output:642,5,13.806816438765246,17.070018416518945
output:534,5,-1.0,13.806816438765246
output:718,5,-1.0,13.806816438765246
output:881,5,-1.0,13.806816438765246
output:380,6,8.564608067636742,-1.0
output:1816,6,9.203269967921068,8.564608067636742
output:1912,6,8.401223368672024,8.564608067636742
output:812,6,9.203269967921068,8.401223368672024
output:1081,6,7.859076285364252,8.401223368672024
output:435,6,6.815610279120811,7.859076285364252
output:1994,6,9.627687643927247,6.815610279120811
output:2052,6,13.117006910812165,7.531988156888893
output:684,6,8.42439442281908,7.859076285364252
output:1888,6,8.32989337163299,8.42439442281908
output:980,6,6.6279048337549336,8.32989337163299
output:869,6,8.313298219016332,6.6279048337549336
output:611,6,6.621830500837138,6.6279048337549336
output:1576,6,6.8376176090787535,6.621830500837138
output:840,6,5.526517644900263,6.621830500837138
output:466,6,8.523721839762821,5.526517644900263
output:1602,6,8.564826218902965,5.526517644900263
output:1939,6,7.830423009643432,5.526517644900263
output:759,6,13.651206483651828,7.830423009643432
output:2022,6,11.425495845771655,8.811535167155403
output:408,6,7.261505530760925,9.203269967921068
output:1495,6,9.183866468059461,7.261505530760925
output:1526,6,11.425495845771655,7.261505530760925
output:758,6,11.791778626485504,7.261505530760925
output:494,6,11.688662496637262,7.261505530760925
output:683,6,16.33874422998564,13.485170247159155
output:610,6,16.58624386893744,15.065123240335693
output:979,6,-1.0,16.33874422998564
output:1080,6,17.454569041511718,16.58624386893744
output:1938,6,18.537994380905275,17.454569041511718
output:839,6,14.787798139299817,17.454569041511718
output:757,6,10.095331148822352,14.787798139299817
output:1841,6,6.240589102751343,10.095331148822352
output:465,6,7.916214842872114,6.240589102751343
output:1887,6,7.994235596607173,6.240589102751343
output:1525,6,6.080328502976417,6.240589102751343
output:682,6,6.240589102751343,6.080328502976417
output:1575,6,7.994235596607173,6.080328502976417
output:609,6,10.234905318912247,7.994235596607173
output:379,6,9.541486256684363,7.994235596607173
output:978,6,12.157895694458801,9.541486256684363
output:1079,6,7.916566159977192,9.541486256684363
output:434,6,7.678820130401598,7.916566159977192
output:1911,6,6.22345021809611,7.678820130401598
output:1601,6,4.837411430309221,6.22345021809611
output:811,6,4.678164503865887,4.837411430309221
output:868,6,4.596017535728493,4.678164503865887
output:1815,6,4.837411430309221,4.596017535728493
output:756,6,4.708204135833768,4.596017535728493
output:2021,6,7.596422362804414,4.837411430309221
output:2051,6,14.35861865204716,10.234905318912247
output:681,6,11.026765295366594,10.461159106150312
output:1993,6,13.651474905179061,11.026765295366594
output:407,6,14.568023853651944,11.026765295366594
output:493,6,15.010108940050744,11.026765295366594
output:1494,6,10.366779327994816,12.74049058185134
output:977,6,15.91517237298958,10.366779327994816
output:1078,6,17.509062667847985,10.366779327994816
output:608,6,18.091934747107796,10.954809460429477
output:755,6,19.227652299615567,15.91517237298958
output:680,6,-1.0,18.71131594713319
output:1082,6,-1.0,19.403091421220996
output:685,6,-1.0,19.526862058801967
output:352,-1,-1.0,-1.0
output:353,-1,-1.0,-1.0
output:506,-1,-1.0,-1.0
output:516,-1,-1.0,-1.0
output:520,-1,-1.0,-1.0
output:521,-1,-1.0,-1.0
output:522,-1,-1.0,-1.0
output:523,-1,-1.0,-1.0
output:533,-1,-1.0,-1.0
output:612,-1,-1.0,-1.0
output:623,-1,-1.0,-1.0
output:627,-1,-1.0,-1.0
output:626,7,9.170029240887724,-1.0
output:625,7,9.170029240887724,9.170029240887724
output:1791,7,5.525465792336312,9.170029240887724
output:702,7,7.303493907448624,5.525465792336312
output:701,7,7.303493907448624,5.525465792336312
output:1790,7,9.170029240887724,5.525465792336312
output:2066,7,-1.0,16.760178174642512
output:1616,7,19.610434361201794,17.592185942530808
output:624,-1,-1.0,-1.0
output:629,8,11.16278364588335,-1.0
output:1619,8,10.343966137645982,11.16278364588335
output:1781,8,7.258574882195777,10.343966137645982
output:998,8,8.465551289930415,7.258574882195777
output:704,8,8.006519506212092,7.258574882195777
output:1028,8,7.258574882195777,7.258574882195777
output:1032,8,5.828132033010023,7.258574882195777
output:1029,8,6.445386898370461,5.828132033010023
output:1034,8,4.369612008778761,5.828132033010023
output:1033,8,5.0883512047545345,4.369612008778761
output:1027,8,5.225297958675728,4.369612008778761
output:1031,8,4.401747384402968,4.369612008778761
output:1011,8,5.225297958675728,4.369612008778761
output:1030,8,6.660105795514981,4.401747384402968
output:1026,8,8.612974483307132,5.5684271252824935
output:1104,8,12.172824762614146,9.800219848562365
output:2072,8,12.738629099458572,10.106998178032127
output:1105,8,19.94166085695224,11.16278364588335
output:1779,8,15.244309946486439,13.30002055265813
output:1780,8,18.216716264354886,17.398526158488128
output:1016,8,0.0,18.216716264354886
output:1017,8,0.0,0.0
output:1018,8,0.0,0.0
output:1019,8,0.0,0.0
output:1020,8,0.0,0.0
output:1021,8,0.0,0.0
output:1022,8,0.0,0.0
output:1023,8,0.0,0.0
output:1013,8,0.0,0.0
output:1014,8,0.0,0.0
output:1015,8,0.0,0.0
output:1024,8,0.0,0.0
output:1025,8,0.0,0.0
output:1012,8,0.0732693562647975,0.0732693562647975
output:1008,8,0.0,7.9842639848551284
output:1009,8,0.0,0.0
output:1010,8,0.0,0.0
output:1001,8,0.0,0.0
output:1000,8,0.0,0.0
output:1003,8,0.0,0.0
output:1002,8,0.0,0.0
output:1005,8,0.0,0.0
output:1004,8,0.0,0.0
output:1007,8,0.0,0.0
output:1006,8,0.0,0.0
output:999,8,1.4906288519075976,1.4906288519075976
output:628,-1,-1.0,-1.0
output:578,-1,-1.0,-1.0
output:703,-1,-1.0,-1.0
output:700,-1,-1.0,-1.0
output:699,-1,-1.0,-1.0
output:696,9,12.143587996811018,-1.0
output:1969,9,9.555694334402668,12.143587996811018
output:1851,9,14.451098815589345,9.555694334402668
output:697,9,18.10640973248009,9.555694334402668
output:991,9,9.386136024013847,9.555694334402668
output:705,9,9.555694334402668,9.386136024013847
output:1852,9,17.76697443663768,9.386136024013847
output:641,10,17.60648296972859,-1.0
output:1119,10,-1.0,17.60648296972859
output:717,10,-1.0,17.60648296972859
output:880,10,-1.0,17.60648296972859
output:774,-1,-1.0,-1.0
output:775,-1,-1.0,-1.0
output:772,-1,-1.0,-1.0
output:773,-1,-1.0,-1.0
output:770,-1,-1.0,-1.0
output:771,-1,-1.0,-1.0
output:782,-1,-1.0,-1.0
output:780,-1,-1.0,-1.0
output:781,-1,-1.0,-1.0
output:778,-1,-1.0,-1.0
output:779,-1,-1.0,-1.0
output:776,-1,-1.0,-1.0
output:777,-1,-1.0,-1.0
output:884,-1,-1.0,-1.0
output:887,-1,-1.0,-1.0
output:889,-1,-1.0,-1.0
output:888,-1,-1.0,-1.0
output:891,-1,-1.0,-1.0
output:890,-1,-1.0,-1.0
output:893,-1,-1.0,-1.0
output:895,-1,-1.0,-1.0
output:894,-1,-1.0,-1.0
output:956,-1,-1.0,-1.0
output:957,-1,-1.0,-1.0
output:958,-1,-1.0,-1.0
output:959,-1,-1.0,-1.0
output:952,-1,-1.0,-1.0
output:953,-1,-1.0,-1.0
output:954,-1,-1.0,-1.0
output:955,-1,-1.0,-1.0
output:948,-1,-1.0,-1.0
output:949,-1,-1.0,-1.0
output:950,-1,-1.0,-1.0
output:951,-1,-1.0,-1.0
output:944,-1,-1.0,-1.0
output:945,-1,-1.0,-1.0
output:946,-1,-1.0,-1.0
output:947,-1,-1.0,-1.0
output:941,-1,-1.0,-1.0
output:940,-1,-1.0,-1.0
output:943,-1,-1.0,-1.0
output:942,-1,-1.0,-1.0
output:937,-1,-1.0,-1.0
output:936,-1,-1.0,-1.0
output:939,-1,-1.0,-1.0
output:938,-1,-1.0,-1.0
output:933,-1,-1.0,-1.0
output:932,-1,-1.0,-1.0
output:935,-1,-1.0,-1.0
output:934,-1,-1.0,-1.0
output:929,-1,-1.0,-1.0
output:928,-1,-1.0,-1.0
output:931,-1,-1.0,-1.0
output:930,-1,-1.0,-1.0
output:926,-1,-1.0,-1.0
output:927,-1,-1.0,-1.0
output:924,-1,-1.0,-1.0
output:925,-1,-1.0,-1.0
output:922,-1,-1.0,-1.0
output:923,-1,-1.0,-1.0
output:920,-1,-1.0,-1.0
output:921,-1,-1.0,-1.0
output:918,-1,-1.0,-1.0
output:919,-1,-1.0,-1.0
output:916,-1,-1.0,-1.0
output:917,-1,-1.0,-1.0
output:914,-1,-1.0,-1.0
output:915,-1,-1.0,-1.0
output:912,-1,-1.0,-1.0
output:913,-1,-1.0,-1.0
output:911,-1,-1.0,-1.0
output:910,-1,-1.0,-1.0
output:909,-1,-1.0,-1.0
output:908,-1,-1.0,-1.0
output:907,-1,-1.0,-1.0
output:906,-1,-1.0,-1.0
output:905,-1,-1.0,-1.0
output:904,-1,-1.0,-1.0
output:903,-1,-1.0,-1.0
output:902,-1,-1.0,-1.0
output:901,-1,-1.0,-1.0
output:900,-1,-1.0,-1.0
output:899,-1,-1.0,-1.0
output:898,-1,-1.0,-1.0
output:897,-1,-1.0,-1.0
output:896,-1,-1.0,-1.0
output:993,-1,-1.0,-1.0
output:992,-1,-1.0,-1.0
output:995,-1,-1.0,-1.0
output:994,-1,-1.0,-1.0
output:997,-1,-1.0,-1.0
output:996,-1,-1.0,-1.0
output:990,-1,-1.0,-1.0
output:963,-1,-1.0,-1.0
output:962,-1,-1.0,-1.0
output:961,-1,-1.0,-1.0
output:960,-1,-1.0,-1.0
output:1100,-1,-1.0,-1.0
output:1101,-1,-1.0,-1.0
output:1102,-1,-1.0,-1.0
output:1103,-1,-1.0,-1.0
output:1096,-1,-1.0,-1.0
output:1097,-1,-1.0,-1.0
output:1098,-1,-1.0,-1.0
output:1099,-1,-1.0,-1.0
output:1221,-1,-1.0,-1.0
output:1220,11,7.037455874466954,-1.0
output:1217,11,11.345992139139279,7.037455874466954
output:1300,11,11.041623467664277,7.037455874466954
output:1219,11,8.688128547171456,7.037455874466954
output:1298,11,6.544738391497606,7.037455874466954
output:1299,11,8.473576760642624,6.544738391497606
output:1297,11,9.548374254861645,6.544738391497606
output:1218,11,8.473576760642624,6.544738391497606
output:1223,12,5.016003047321346,-1.0
output:1268,12,4.119088251793786,5.016003047321346
output:1267,12,4.416690847862059,4.119088251793786
output:1234,12,5.16917539315174,4.119088251793786
output:1263,12,4.941971397263386,4.119088251793786
output:1293,12,5.073048075661841,4.119088251793786
output:1264,12,3.863147363292233,4.941971397263386
output:1227,12,3.4024629754588323,3.863147363292233
output:1239,12,2.557800728708358,3.4024629754588323
output:1261,12,2.972691498107091,2.557800728708358
output:1250,12,2.530503915600654,2.557800728708358
output:1226,12,2.905937722675341,2.530503915600654
output:1290,12,3.235538072927472,2.530503915600654
output:1235,12,3.2557076260750333,2.530503915600654
output:1252,12,2.450399541445787,2.557800728708358
output:1231,12,2.236390399187062,2.450399541445787
output:1233,12,2.9869392792995777,2.236390399187062
output:1266,12,2.972691498107091,2.236390399187062
output:1240,12,3.6935742190348586,2.236390399187062
output:1284,12,3.168183210196566,2.450399541445787
output:1230,12,2.308298620796471,2.562262520230011
output:1279,12,1.8210431132324865,2.308298620796471
output:1285,12,1.9089405068369683,1.8210431132324865
output:1243,12,1.4214172499446722,1.8210431132324865
output:1278,12,1.5321042865521268,1.4214172499446722
output:1244,12,0.9535276099737803,1.4214172499446722
output:1283,12,1.4214172499446722,0.9535276099737803
output:1245,12,1.6100931269187753,0.9535276099737803
output:1288,12,1.5321042865521268,0.9535276099737803
output:1262,12,1.7232839617434277,1.1929088934852707
output:1291,12,1.7232839617434277,1.6807900335112882
output:1286,12,2.8819142667748183,1.7232839617434277
output:1282,12,2.039468706393325,1.7666193709856868
output:1229,12,1.8646571907966392,1.8173154388085626
output:1238,12,3.0841280383745353,1.8346441690915674
output:1289,12,2.352365279701423,1.8646571907966392
output:1274,12,2.795886488969656,1.8646571907966392
output:1254,12,2.7129128126417803,1.8646571907966392
output:1270,12,2.7873455945297403,2.039468706393325
output:1271,12,2.6825029783546017,2.039468706393325
output:1281,12,3.959451683701579,2.039468706393325
output:1287,12,3.2379588556899055,2.308298620796471
output:1265,12,2.8754970203831713,2.352365279701423
output:1257,12,2.9019267571139555,2.7129128126417803
output:1251,12,3.915295674487003,2.8754970203831713
output:1269,12,4.009222531263502,2.8754970203831713
output:1273,12,3.748188081504725,2.9019267571139555
output:1272,12,3.744891971582709,2.9019267571139555
output:1237,12,3.2079269234433174,3.1291270785238985
output:1232,12,4.438006788294067,3.168183210196566
output:1241,12,5.033410259604618,3.2079269234433174
output:1247,12,4.307676392474151,3.2079269234433174
output:1246,12,4.203564966864204,3.2079269234433174
output:1255,12,4.392501423061564,3.2136200278559888
output:1275,12,4.6809900474126875,3.2557076260750333
output:1256,12,6.311229388951386,3.744891971582709
output:1249,12,4.579953358718522,4.203564966864204
output:1225,12,8.12476623959898,5.016003047321346
output:1292,12,7.8784927642483025,5.073048075661841
output:1253,12,8.128833014191782,6.311229388951386
output:1236,12,8.02812443646169,7.8784927642483025
output:1277,12,8.803511231996216,8.02812443646169
output:1224,12,9.976252580716608,8.02812443646169
output:1276,12,15.162204411417694,8.02812443646169
output:1280,12,8.877051234323128,8.128833014191782
output:1248,12,14.335640375069094,9.976252580716608
output:1242,12,18.261494456164083,16.063977070713953
output:1260,12,-1.0,18.261494456164083
output:1259,12,-1.0,18.261494456164083
output:1222,-1,-1.0,-1.0
output:1216,-1,-1.0,-1.0
output:1228,-1,-1.0,-1.0
output:1258,-1,-1.0,-1.0
output:1163,-1,-1.0,-1.0
output:1165,-1,-1.0,-1.0
output:1164,-1,-1.0,-1.0
output:1167,13,6.731237485922482,-1.0
output:1203,13,8.121666368044094,6.731237485922482
output:1200,13,8.86954689483985,6.731237485922482
output:1311,13,6.256245145499981,6.731237485922482
output:1199,13,8.86954689483985,6.256245145499981
output:1196,13,10.996957692055995,6.256245145499981
output:1202,13,9.306107569520988,6.731237485922482
output:1204,13,8.111878472885433,8.121666368044094
output:1207,13,13.572890146075016,8.111878472885433
output:1208,13,13.572890146075016,8.111878472885433
output:1201,13,9.64393988254307,9.306107569520988
output:1205,13,9.869522630715053,9.306107569520988
output:1192,13,12.524223875354885,9.306107569520988
output:1206,13,15.608705847545252,9.64393988254307
output:1313,13,12.126623115783046,10.627375804267633
output:1312,13,13.421369639997092,10.996957692055995
output:1198,13,15.055972158845615,11.293394961176633
output:1166,13,17.514884092059805,12.126623115783046
output:1193,13,14.088961752702541,12.46139261515213
output:1309,13,-1.0,12.524223875354885
output:1195,13,-1.0,13.421369639997092
output:1189,13,18.46174033728021,14.088961752702541
output:1197,13,16.649140839646606,16.649140839646606
output:1194,13,-1.0,16.649140839646606
output:1190,13,-1.0,16.649140839646606
output:1191,13,-1.0,16.649140839646606
output:1168,-1,-1.0,-1.0
output:1169,-1,-1.0,-1.0
output:1170,-1,-1.0,-1.0
output:1171,-1,-1.0,-1.0
output:1172,-1,-1.0,-1.0
output:1173,14,9.594878355411321,-1.0
output:1176,14,9.72146503149704,9.594878355411321
output:1177,14,12.658903423300965,9.594878355411321
output:1174,14,14.16277356819186,9.594878355411321
output:1175,14,12.658903423300965,9.594878355411321
output:1178,14,18.083553450064755,9.594878355411321
output:1179,-1,-1.0,-1.0
output:1180,-1,-1.0,-1.0
output:1181,-1,-1.0,-1.0
output:1182,-1,-1.0,-1.0
output:1183,-1,-1.0,-1.0
output:1187,-1,-1.0,-1.0
output:1186,-1,-1.0,-1.0
output:1185,-1,-1.0,-1.0
output:1184,-1,-1.0,-1.0
output:1188,-1,-1.0,-1.0
output:1210,-1,-1.0,-1.0
output:1211,-1,-1.0,-1.0
output:1209,-1,-1.0,-1.0
output:1214,-1,-1.0,-1.0
output:1215,-1,-1.0,-1.0
output:1212,-1,-1.0,-1.0
output:1213,-1,-1.0,-1.0
output:1375,-1,-1.0,-1.0
output:1374,-1,-1.0,-1.0
output:1373,-1,-1.0,-1.0
output:1372,-1,-1.0,-1.0
output:1371,-1,-1.0,-1.0
output:1370,-1,-1.0,-1.0
output:1369,-1,-1.0,-1.0
output:1368,-1,-1.0,-1.0
output:1367,-1,-1.0,-1.0
output:1366,-1,-1.0,-1.0
output:1365,-1,-1.0,-1.0
output:1364,-1,-1.0,-1.0
output:1363,-1,-1.0,-1.0
output:1362,15,5.494262962687457,-1.0
output:1360,15,6.921872201748128,5.494262962687457
output:1356,15,6.484514123479453,5.494262962687457
output:1361,15,7.027611830908772,5.494262962687457
output:1354,15,6.921872201748128,5.494262962687457
output:1358,15,8.755089411465946,5.494262962687457
output:1355,15,10.238183886478913,6.921872201748128
output:1359,15,12.49582253635746,8.388583329914544
output:1329,15,11.963682120185945,10.238183886478913
output:1328,15,15.533421309730956,10.238183886478913
output:1327,15,14.439309330674417,11.963682120185945
output:1357,-1,-1.0,-1.0
output:1352,-1,-1.0,-1.0
output:1353,-1,-1.0,-1.0
output:1350,-1,-1.0,-1.0
output:1351,-1,-1.0,-1.0
output:1348,-1,-1.0,-1.0
output:1349,-1,-1.0,-1.0
output:1346,-1,-1.0,-1.0
output:1347,-1,-1.0,-1.0
output:1344,16,12.934415907377598,-1.0
output:1338,16,12.173471506044368,12.934415907377598
output:1343,16,8.078466852500565,12.173471506044368
output:1340,16,12.934415907377598,8.078466852500565
output:1339,16,13.298605556126176,8.078466852500565
output:1342,16,14.051837939860617,8.078466852500565
output:1345,16,19.214713471134377,12.173471506044368
output:1337,16,19.384722645750244,12.173471506044368
output:1405,-1,-1.0,-1.0
output:1404,-1,-1.0,-1.0
output:1407,-1,-1.0,-1.0
output:1406,-1,-1.0,-1.0
output:1401,17,11.413362286673857,-1.0
output:1398,17,16.709989210299362,11.413362286673857
output:1426,17,13.048460877123365,11.413362286673857
output:1399,17,15.14496342895269,11.413362286673857
output:1397,17,16.709989210299362,11.413362286673857
output:1425,17,19.826651968320384,11.413362286673857
output:1400,-1,-1.0,-1.0
output:1403,-1,-1.0,-1.0
output:1402,-1,-1.0,-1.0
output:1396,-1,-1.0,-1.0
output:1393,-1,-1.0,-1.0
output:1392,-1,-1.0,-1.0
output:1395,-1,-1.0,-1.0
output:1394,-1,-1.0,-1.0
output:1388,18,12.769831856291013,-1.0
output:1384,18,8.216565912458114,12.769831856291013
output:1386,18,7.5160477090294675,8.216565912458114
output:1385,18,9.229813653301907,7.5160477090294675
output:1387,18,9.337035408957979,7.5160477090294675
output:1381,18,14.947532995267999,7.5160477090294675
output:1389,18,-1.0,12.769831856291013
output:1390,-1,-1.0,-1.0
output:1391,-1,-1.0,-1.0
output:1380,-1,-1.0,-1.0
output:1382,-1,-1.0,-1.0
output:1383,-1,-1.0,-1.0
output:1376,-1,-1.0,-1.0
output:1377,-1,-1.0,-1.0
output:1378,-1,-1.0,-1.0
output:1379,-1,-1.0,-1.0
output:1307,-1,-1.0,-1.0
output:1306,-1,-1.0,-1.0
output:1305,-1,-1.0,-1.0
output:1304,-1,-1.0,-1.0
output:1310,-1,-1.0,-1.0
output:1308,-1,-1.0,-1.0
output:1296,-1,-1.0,-1.0
output:1303,-1,-1.0,-1.0
output:1302,-1,-1.0,-1.0
output:1301,-1,-1.0,-1.0
output:1294,-1,-1.0,-1.0
output:1295,-1,-1.0,-1.0
output:1336,-1,-1.0,-1.0
output:1341,-1,-1.0,-1.0
output:1331,-1,-1.0,-1.0
output:1330,-1,-1.0,-1.0
output:1333,-1,-1.0,-1.0
output:1332,-1,-1.0,-1.0
output:1335,-1,-1.0,-1.0
output:1334,-1,-1.0,-1.0
output:1320,-1,-1.0,-1.0
output:1321,-1,-1.0,-1.0
output:1322,19,17.739631788524598,-1.0
output:1319,19,-1.0,17.739631788524598
output:1318,19,-1.0,17.739631788524598
output:1323,19,-1.0,17.739631788524598
output:1324,-1,-1.0,-1.0
output:1325,-1,-1.0,-1.0
output:1326,-1,-1.0,-1.0
output:1314,-1,-1.0,-1.0
output:1315,-1,-1.0,-1.0
output:1316,-1,-1.0,-1.0
output:1317,-1,-1.0,-1.0
output:1473,-1,-1.0,-1.0
output:1472,-1,-1.0,-1.0
output:1532,-1,-1.0,-1.0
output:1533,-1,-1.0,-1.0
output:1427,-1,-1.0,-1.0
output:1424,-1,-1.0,-1.0
output:1430,-1,-1.0,-1.0
output:1431,-1,-1.0,-1.0
output:1428,-1,-1.0,-1.0
output:1429,-1,-1.0,-1.0
output:1434,-1,-1.0,-1.0
output:1435,-1,-1.0,-1.0
output:1432,-1,-1.0,-1.0
output:1433,-1,-1.0,-1.0
output:1438,-1,-1.0,-1.0
output:1439,-1,-1.0,-1.0
output:1436,-1,-1.0,-1.0
output:1437,-1,-1.0,-1.0
output:1411,-1,-1.0,-1.0
output:1410,-1,-1.0,-1.0
output:1409,-1,-1.0,-1.0
output:1408,-1,-1.0,-1.0
output:1415,-1,-1.0,-1.0
output:1414,-1,-1.0,-1.0
output:1413,-1,-1.0,-1.0
output:1412,-1,-1.0,-1.0
output:1419,-1,-1.0,-1.0
output:1418,-1,-1.0,-1.0
output:1417,-1,-1.0,-1.0
output:1416,-1,-1.0,-1.0
output:1423,-1,-1.0,-1.0
output:1422,-1,-1.0,-1.0
output:1421,-1,-1.0,-1.0
output:1420,-1,-1.0,-1.0
output:1456,-1,-1.0,-1.0
output:1457,-1,-1.0,-1.0
output:1458,-1,-1.0,-1.0
output:1459,-1,-1.0,-1.0
output:1460,-1,-1.0,-1.0
output:1461,-1,-1.0,-1.0
output:1462,-1,-1.0,-1.0
output:1463,-1,-1.0,-1.0
output:1464,-1,-1.0,-1.0
output:1465,-1,-1.0,-1.0
output:1466,-1,-1.0,-1.0
output:1467,-1,-1.0,-1.0
output:1468,-1,-1.0,-1.0
output:1469,-1,-1.0,-1.0
output:1470,-1,-1.0,-1.0
output:1471,-1,-1.0,-1.0
output:1441,-1,-1.0,-1.0
output:1440,-1,-1.0,-1.0
output:1443,-1,-1.0,-1.0
output:1442,-1,-1.0,-1.0
output:1445,-1,-1.0,-1.0
output:1444,-1,-1.0,-1.0
output:1447,-1,-1.0,-1.0
output:1446,-1,-1.0,-1.0
output:1449,-1,-1.0,-1.0
output:1448,-1,-1.0,-1.0
output:1451,-1,-1.0,-1.0
output:1450,-1,-1.0,-1.0
output:1453,-1,-1.0,-1.0
output:1452,-1,-1.0,-1.0
output:1455,-1,-1.0,-1.0
output:1454,-1,-1.0,-1.0
output:1642,-1,-1.0,-1.0
output:1643,-1,-1.0,-1.0
output:1640,-1,-1.0,-1.0
output:1641,-1,-1.0,-1.0
output:1646,-1,-1.0,-1.0
output:1647,-1,-1.0,-1.0
output:1644,-1,-1.0,-1.0
output:1645,-1,-1.0,-1.0
output:1634,-1,-1.0,-1.0
output:1635,-1,-1.0,-1.0
output:1632,20,10.013655194548303,-1.0
output:1620,20,6.012656366416052,10.013655194548303
output:1625,20,5.320528257353728,6.012656366416052
output:1628,20,5.203497661666536,5.320528257353728
output:1622,20,5.434042096820956,5.203497661666536
output:1621,20,6.023699511473384,5.203497661666536
output:1627,20,5.508685949072394,5.203497661666536
output:1633,20,10.826688452691146,5.508685949072394
output:1624,20,7.438194813793446,6.012656366416052
output:1626,20,7.822231054945829,6.012656366416052
output:1623,20,7.181731940034147,7.181731940034147
output:1631,20,11.719464336934427,7.181731940034147
output:1629,20,7.265661510913381,7.181731940034147
output:1630,20,12.248783341555885,7.265661510913381
output:1638,-1,-1.0,-1.0
output:1639,-1,-1.0,-1.0
output:1636,-1,-1.0,-1.0
output:1637,-1,-1.0,-1.0
output:1659,21,0.8304660471637725,-1.0
output:1683,21,0.560877253166785,0.8304660471637725
output:1743,21,0.42379184040039264,0.560877253166785
output:1734,21,0.44904841720541483,0.42379184040039264
output:1686,21,0.36414132360403184,0.42379184040039264
output:1697,21,0.5423991375095796,0.36414132360403184
output:1741,21,0.38933999624288307,0.36414132360403184
output:1762,21,0.6273511076153606,0.36414132360403184
output:1703,21,0.6904171124227076,0.38933999624288307
output:1694,21,0.5251178381230651,0.42379184040039264
output:1720,21,0.8258718995805806,0.5251178381230651
output:1725,21,0.47838374403498907,0.6387937991256214
output:1717,21,0.2766182399450549,0.47838374403498907
output:1735,21,0.2722014294472238,0.2766182399450549
output:1712,21,0.25594753645269236,0.2722014294472238
output:1666,21,0.29246105623717633,0.25594753645269236
output:1699,21,0.30324117306454984,0.25594753645269236
output:1696,21,0.3457388131563453,0.25594753645269236
output:1688,21,0.38158082411405925,0.30324117306454984
output:1701,21,0.6240819117095636,0.3457388131563453
output:1705,21,0.4125346272299223,0.38158082411405925
output:1736,21,0.43568771559635827,0.38158082411405925
output:1709,21,0.6377391108373032,0.38158082411405925
output:1702,21,0.38158082411405925,0.38158082411405925
output:1708,21,0.4457981728635591,0.38158082411405925
output:1684,21,0.5360309421520845,0.38158082411405925
output:1695,21,0.6247494681775887,0.41405910323598516
output:1706,21,0.8253136200522853,0.5360309421520845
output:1689,21,0.5360309421520845,0.5360309421520845
output:1728,21,0.5226161554111133,0.5360309421520845
output:1731,21,0.5308838964848199,0.5226161554111133
output:1737,21,0.4991817479820134,0.5226161554111133
output:1687,21,0.4368918391739352,0.4991817479820134
output:1718,21,0.5226161554111133,0.4368918391739352
output:1714,21,0.7029964731200085,0.4368918391739352
output:1690,21,0.7022914371398665,0.5681647295758279
output:1698,21,0.7539016004440195,0.6229658575583243
output:1729,21,0.8697948088421024,0.6240819117095636
output:1704,21,1.2123111138710452,0.7022914371398665
output:1721,21,0.8937083798990729,0.7320523591892543
output:1716,21,0.9483761780933595,0.7348407953083375
output:1711,21,1.0108713586812847,0.7428426447065314
output:1723,21,1.166080166240689,0.7539016004440195
output:1733,21,1.3422348631330212,0.7759797038246868
output:1715,21,0.9187502372082752,0.8258718995805806
output:1719,21,0.8037976027046089,0.8258718995805806
output:1707,21,0.8339114998375297,0.8037976027046089
output:1765,21,0.6829607308108095,0.8037976027046089
output:1692,21,0.6690502695606926,0.6829607308108095
output:1766,21,0.7518159289952975,0.6690502695606926
output:1691,21,0.7518159289952975,0.6690502695606926
output:1658,21,0.8987566614896932,0.7518159289952975
output:1657,21,1.2503251897488565,0.7518159289952975
output:1710,21,1.0438191802463397,0.8147642246802544
output:1664,21,0.6050699975052798,0.8304660471637725
output:1663,21,0.46438942728295934,0.6050699975052798
output:1738,21,0.567877798769222,0.46438942728295934
output:1661,21,0.49292311468315164,0.46438942728295934
output:1660,21,0.6338914889232725,0.46438942728295934
output:1727,21,0.6338914889232725,0.46438942728295934
output:1685,21,1.1855625089892141,0.9187502372082752
output:1693,21,1.3136465239477622,0.9343723451798617
output:1665,21,1.2956412454595718,0.9483761780933595
output:1713,21,1.254090146862206,0.9483761780933595
output:1700,21,1.1537400974266891,0.9483761780933595
output:1726,21,1.3020680087723422,1.001155287275434
output:1740,21,1.224015044728559,1.0054349041674895
output:1761,21,1.3838564525369053,1.0639504335569578
output:1662,21,1.6334755544161608,1.103962779776972
output:1667,21,1.4583278476289259,1.2305173804175455
output:1763,21,1.4851186784430102,1.3020680087723422
output:1722,21,2.46137418822586,1.4851186784430102
output:1744,21,1.745458676898284,1.6999049028365834
output:1724,21,2.144470292417807,1.745458676898284
output:1732,21,1.4444149690831734,1.745458676898284
output:1739,21,1.8241220342492708,1.4444149690831734
output:1764,21,2.205068216086004,1.4444149690831734
output:1742,21,2.465419819545362,1.4444149690831734
output:1682,21,3.2749128102603313,2.5668766743000773
output:1730,21,3.98720021953137,2.9615639220569125
output:1760,21,4.263839973794418,3.2749128102603313
output:1676,21,9.844455484802376,5.939988783935951
output:1749,21,19.14240480808905,11.200360080202055
output:1750,21,19.904758375832433,12.366925249836202
output:1656,22,17.335802120924072,-1.0
output:1668,22,6.16040680879768,17.335802120924072
output:1751,22,3.928144185571825,6.16040680879768
output:1681,22,3.842008678425078,3.928144185571825
output:1754,22,1.8409816878242453,3.842008678425078
output:1677,22,1.6290681012083044,1.8409816878242453
output:1758,22,1.4671600884465938,1.6290681012083044
output:1678,22,1.981421778372232,1.4671600884465938
output:1759,22,1.6508272895919125,1.4671600884465938
output:1674,22,1.981421778372232,1.4671600884465938
output:1670,22,2.4838213333402384,1.6508272895919125
output:1755,22,2.367574673987299,2.367574673987299
output:1672,22,1.7924121965598034,2.367574673987299
output:1756,22,2.101755805983307,1.7924121965598034
output:1680,22,2.4801606606824915,1.7924121965598034
output:1753,22,2.2289354753823467,1.7924121965598034
output:1748,22,1.8550842933938407,1.7924121965598034
output:1675,22,2.2020523429218075,1.8550842933938407
output:1673,22,1.7463539710973857,1.8550842933938407
output:1746,22,2.2660212196825356,1.7463539710973857
output:1745,22,2.6511779134341653,1.7463539710973857
output:1757,22,2.7986703869401013,2.367574673987299
output:1671,22,2.7163090575823627,2.3997071184817607
output:1768,22,2.7802924649576224,2.4838213333402384
output:1752,22,3.7968923664230534,2.5727538867183157
output:1747,22,3.380714960529502,2.7163090575823627
output:1679,22,5.053201943438132,2.7163090575823627
output:1669,22,4.043228930242655,3.2100884067242017
output:1767,22,5.738553024678504,3.45517771269186
output:1959,22,-1.0,19.433506158554465
output:1960,22,-1.0,19.433506158554465
output:1651,-1,-1.0,-1.0
output:1650,-1,-1.0,-1.0
output:1649,-1,-1.0,-1.0
output:1648,-1,-1.0,-1.0
output:1655,-1,-1.0,-1.0
output:1654,-1,-1.0,-1.0
output:1653,-1,-1.0,-1.0
output:1652,-1,-1.0,-1.0
output:1613,-1,-1.0,-1.0
output:1614,-1,-1.0,-1.0
output:1615,-1,-1.0,-1.0
output:1617,-1,-1.0,-1.0
output:1618,-1,-1.0,-1.0
output:1544,-1,-1.0,-1.0
output:1545,-1,-1.0,-1.0
output:1546,-1,-1.0,-1.0
output:1540,-1,-1.0,-1.0
output:1541,-1,-1.0,-1.0
output:1542,-1,-1.0,-1.0
output:1543,-1,-1.0,-1.0
output:1536,-1,-1.0,-1.0
output:1537,-1,-1.0,-1.0
output:1538,-1,-1.0,-1.0
output:1539,-1,-1.0,-1.0
output:1561,-1,-1.0,-1.0
output:1560,-1,-1.0,-1.0
output:1771,-1,-1.0,-1.0
output:1770,-1,-1.0,-1.0
output:1769,-1,-1.0,-1.0
output:1775,-1,-1.0,-1.0
output:1774,-1,-1.0,-1.0
output:1773,-1,-1.0,-1.0
output:1772,-1,-1.0,-1.0
output:1778,-1,-1.0,-1.0
output:1776,-1,-1.0,-1.0
output:1777,-1,-1.0,-1.0
output:1782,-1,-1.0,-1.0
output:1783,-1,-1.0,-1.0
output:1786,-1,-1.0,-1.0
output:1787,-1,-1.0,-1.0
output:1784,-1,-1.0,-1.0
output:1785,-1,-1.0,-1.0
output:1788,-1,-1.0,-1.0
output:1789,-1,-1.0,-1.0
output:1858,-1,-1.0,-1.0
output:1859,-1,-1.0,-1.0
output:1856,-1,-1.0,-1.0
output:1857,-1,-1.0,-1.0
output:1860,-1,-1.0,-1.0
output:1861,-1,-1.0,-1.0
output:1853,-1,-1.0,-1.0
output:1855,-1,-1.0,-1.0
output:1854,-1,-1.0,-1.0
output:1850,-1,-1.0,-1.0
output:1847,-1,-1.0,-1.0
output:1842,23,18.343990398845428,-1.0
output:2023,23,-1.0,18.343990398845428
output:1792,-1,-1.0,-1.0
output:1968,-1,-1.0,-1.0
output:1957,-1,-1.0,-1.0
output:1956,-1,-1.0,-1.0
output:1958,-1,-1.0,-1.0
output:1953,-1,-1.0,-1.0
output:1952,-1,-1.0,-1.0
output:1955,-1,-1.0,-1.0
output:1954,-1,-1.0,-1.0
output:1965,-1,-1.0,-1.0
output:1964,-1,-1.0,-1.0
output:1967,-1,-1.0,-1.0
output:1966,-1,-1.0,-1.0
output:1961,-1,-1.0,-1.0
output:1963,-1,-1.0,-1.0
output:1962,-1,-1.0,-1.0
output:1950,-1,-1.0,-1.0
output:1951,-1,-1.0,-1.0
output:2065,-1,-1.0,-1.0
output:2064,-1,-1.0,-1.0
output:2067,-1,-1.0,-1.0
output:2069,-1,-1.0,-1.0
output:2068,-1,-1.0,-1.0
output:2071,-1,-1.0,-1.0
output:2070,-1,-1.0,-1.0
output:2061,-1,-1.0,-1.0
