output:0,0,0.0,-1.0
output:6,0,0.0,0.0
output:142,0,0.0,0.0
output:187,0,0.0,0.0
output:185,0,0.0,0.0
output:67,0,4.833385630325227,4.833385630325227
output:72,0,9.364070467915328,4.833385630325227
output:66,0,9.681646194050282,4.84826076396205
output:1,1,12.088615656273365,-1.0
output:71,1,6.796938786606764,12.088615656273365
output:70,1,6.601860424592633,6.796938786606764
output:183,1,3.798654381917505,6.601860424592633
output:2,1,1.8795077687228925,3.798654381917505
output:3,1,1.8822855283181024,1.8795077687228925
output:69,1,1.6207421936120632,1.8795077687228925
output:38,1,0.8290172426729263,1.6207421936120632
output:32,1,0.7620842491268256,0.8290172426729263
output:168,1,0.7620842491268256,0.7620842491268256
output:167,1,0.7620842491268256,0.7620842491268256
output:166,1,0.7620842491268256,0.7620842491268256
output:65,1,3.2745765306668613,3.0788017657599744
output:140,1,4.130184282481288,3.2745765306668613
output:141,1,2.4542971662170827,4.130184282481288
output:68,1,1.4438443756555157,2.4542971662170827
output:73,1,1.4662560384592302,1.4438443756555157
output:5,1,1.5459155360136208,1.4438443756555157
output:182,1,0.5230044933069244,1.4438443756555157
output:184,1,0.5004785969357479,0.5230044933069244
output:180,1,0.5003771698223146,0.5004785969357479
output:164,1,0.5230044933069244,0.5003771698223146
output:35,1,3.7103856254561256,4.384407304568137
output:36,1,3.369035687421056,3.7103856254561256
output:33,1,3.000681726639349,3.369035687421056
output:30,1,3.7103856254561256,3.000681726639349
output:64,1,2.5308651279815155,5.810742209169144
output:76,1,2.3333578998077424,2.5308651279815155
output:79,1,2.339850718356885,2.3333578998077424
output:192,1,2.3333578998077424,2.3333578998077424
output:186,1,2.583478119900259,2.3333578998077424
output:77,1,3.8251296881164114,2.831186453906111
output:7,1,5.296219429629002,3.8251296881164114
output:190,1,5.893203188882118,5.296219429629002
output:83,1,5.9855939520277355,5.296219429629002
output:145,1,9.863138354321876,5.9855939520277355
output:179,1,6.894552871616248,6.645312401302365
output:165,1,8.085287691943137,6.894552871616248
output:2592,1,12.410439841051073,10.295830496719082
output:143,1,14.76370621404839,10.376323961777231
output:152,1,17.58669815005188,12.410439841051073
output:81,1,15.206108532752333,14.545394510838417
output:4,-1,-1.0,-1.0
output:8,-1,-1.0,-1.0
output:9,-1,-1.0,-1.0
output:10,-1,-1.0,-1.0
output:11,-1,-1.0,-1.0
output:12,-1,-1.0,-1.0
output:13,2,5.94986903769457,-1.0
output:14,2,6.232474457015552,5.94986903769457
output:54,2,7.774497413327062,5.94986903769457
output:20,2,7.774497413327062,5.94986903769457
output:53,2,10.846782906047004,9.615315072699246
output:15,-1,-1.0,-1.0
output:17,-1,-1.0,-1.0
output:16,3,18.592359454866493,-1.0
output:19,3,-1.0,18.592359454866493
output:23,3,11.80583347671961,18.592359454866493
output:18,-1,-1.0,-1.0
output:21,-1,-1.0,-1.0
output:22,-1,-1.0,-1.0
output:25,-1,-1.0,-1.0
output:24,-1,-1.0,-1.0
output:27,-1,-1.0,-1.0
output:26,-1,-1.0,-1.0
output:29,-1,-1.0,-1.0
output:28,-1,-1.0,-1.0
output:31,4,19.47358501707029,-1.0
output:37,4,-1.0,19.47358501707029
output:34,4,-1.0,19.47358501707029
output:39,-1,-1.0,-1.0
output:42,-1,-1.0,-1.0
output:43,-1,-1.0,-1.0
output:40,-1,-1.0,-1.0
output:41,-1,-1.0,-1.0
output:46,-1,-1.0,-1.0
output:47,-1,-1.0,-1.0
output:44,-1,-1.0,-1.0
output:45,-1,-1.0,-1.0
output:51,-1,-1.0,-1.0
output:50,-1,-1.0,-1.0
output:49,-1,-1.0,-1.0
output:48,-1,-1.0,-1.0
output:55,-1,-1.0,-1.0
output:52,-1,-1.0,-1.0
output:59,-1,-1.0,-1.0
output:58,-1,-1.0,-1.0
output:57,-1,-1.0,-1.0
output:56,-1,-1.0,-1.0
output:63,-1,-1.0,-1.0
output:62,-1,-1.0,-1.0
output:61,-1,-1.0,-1.0
output:60,-1,-1.0,-1.0
output:78,5,0.0,-1.0
output:80,5,0.0,0.0
output:82,5,0.0,0.0
output:139,5,0.0,0.0
output:171,5,0.0,0.0
output:170,5,0.0,0.0
output:188,5,0.0,0.0
output:189,5,0.0,0.0
output:193,5,0.2127327328940411,0.2127327328940411
output:144,5,0.5232688122359949,0.31055423445168573
output:169,5,0.5548240082045455,0.3420918970278732
output:163,5,4.0833706805443075,4.052169981507907
output:75,5,4.898829243089994,4.0833706805443075
output:74,5,6.279435795208277,5.4356714657372285
output:191,5,10.149463563420971,6.279435795208277
output:85,-1,-1.0,-1.0
output:84,-1,-1.0,-1.0
output:87,-1,-1.0,-1.0
output:86,-1,-1.0,-1.0
output:93,-1,-1.0,-1.0
output:92,-1,-1.0,-1.0
output:95,-1,-1.0,-1.0
output:94,-1,-1.0,-1.0
output:89,-1,-1.0,-1.0
output:88,-1,-1.0,-1.0
output:91,-1,-1.0,-1.0
output:90,-1,-1.0,-1.0
output:102,-1,-1.0,-1.0
output:103,-1,-1.0,-1.0
output:100,-1,-1.0,-1.0
output:101,-1,-1.0,-1.0
output:98,-1,-1.0,-1.0
output:99,-1,-1.0,-1.0
output:96,-1,-1.0,-1.0
output:97,-1,-1.0,-1.0
output:110,-1,-1.0,-1.0
output:111,-1,-1.0,-1.0
output:108,-1,-1.0,-1.0
output:109,-1,-1.0,-1.0
output:106,-1,-1.0,-1.0
output:107,-1,-1.0,-1.0
output:104,-1,-1.0,-1.0
output:105,-1,-1.0,-1.0
output:119,-1,-1.0,-1.0
output:118,-1,-1.0,-1.0
output:117,-1,-1.0,-1.0
output:116,-1,-1.0,-1.0
output:115,-1,-1.0,-1.0
output:114,-1,-1.0,-1.0
output:113,-1,-1.0,-1.0
output:112,-1,-1.0,-1.0
output:127,-1,-1.0,-1.0
output:126,-1,-1.0,-1.0
output:125,-1,-1.0,-1.0
output:124,-1,-1.0,-1.0
output:123,-1,-1.0,-1.0
output:122,-1,-1.0,-1.0
output:121,-1,-1.0,-1.0
output:120,-1,-1.0,-1.0
output:137,-1,-1.0,-1.0
output:136,-1,-1.0,-1.0
output:138,-1,-1.0,-1.0
output:129,-1,-1.0,-1.0
output:128,-1,-1.0,-1.0
output:131,-1,-1.0,-1.0
output:130,-1,-1.0,-1.0
output:133,-1,-1.0,-1.0
output:132,-1,-1.0,-1.0
output:135,-1,-1.0,-1.0
output:134,-1,-1.0,-1.0
output:153,-1,-1.0,-1.0
output:154,-1,-1.0,-1.0
output:155,-1,-1.0,-1.0
output:156,-1,-1.0,-1.0
output:157,-1,-1.0,-1.0
output:158,-1,-1.0,-1.0
output:159,-1,-1.0,-1.0
output:146,-1,-1.0,-1.0
output:147,-1,-1.0,-1.0
output:148,-1,-1.0,-1.0
output:149,-1,-1.0,-1.0
output:150,-1,-1.0,-1.0
output:151,-1,-1.0,-1.0
output:175,-1,-1.0,-1.0
output:174,-1,-1.0,-1.0
output:173,-1,-1.0,-1.0
output:172,-1,-1.0,-1.0
output:162,-1,-1.0,-1.0
output:161,-1,-1.0,-1.0
output:160,-1,-1.0,-1.0
output:178,-1,-1.0,-1.0
output:176,-1,-1.0,-1.0
output:177,-1,-1.0,-1.0
output:181,-1,-1.0,-1.0
output:205,-1,-1.0,-1.0
output:204,-1,-1.0,-1.0
output:207,-1,-1.0,-1.0
output:206,-1,-1.0,-1.0
output:201,-1,-1.0,-1.0
output:200,-1,-1.0,-1.0
output:203,-1,-1.0,-1.0
output:202,-1,-1.0,-1.0
output:197,-1,-1.0,-1.0
output:196,-1,-1.0,-1.0
output:199,-1,-1.0,-1.0
output:198,-1,-1.0,-1.0
output:195,-1,-1.0,-1.0
output:194,-1,-1.0,-1.0
output:220,-1,-1.0,-1.0
output:221,-1,-1.0,-1.0
output:222,-1,-1.0,-1.0
output:223,-1,-1.0,-1.0
output:216,-1,-1.0,-1.0
output:217,-1,-1.0,-1.0
output:218,-1,-1.0,-1.0
output:219,-1,-1.0,-1.0
output:212,-1,-1.0,-1.0
output:213,-1,-1.0,-1.0
output:214,-1,-1.0,-1.0
output:215,-1,-1.0,-1.0
output:208,-1,-1.0,-1.0
output:209,-1,-1.0,-1.0
output:210,-1,-1.0,-1.0
output:211,-1,-1.0,-1.0
output:239,-1,-1.0,-1.0
output:238,-1,-1.0,-1.0
output:237,-1,-1.0,-1.0
output:236,-1,-1.0,-1.0
output:235,-1,-1.0,-1.0
output:234,-1,-1.0,-1.0
output:233,-1,-1.0,-1.0
output:232,-1,-1.0,-1.0
output:231,-1,-1.0,-1.0
output:230,-1,-1.0,-1.0
output:229,-1,-1.0,-1.0
output:228,-1,-1.0,-1.0
output:227,-1,-1.0,-1.0
output:226,-1,-1.0,-1.0
output:225,-1,-1.0,-1.0
output:224,-1,-1.0,-1.0
output:254,-1,-1.0,-1.0
output:255,-1,-1.0,-1.0
output:252,-1,-1.0,-1.0
output:253,-1,-1.0,-1.0
output:250,-1,-1.0,-1.0
output:251,-1,-1.0,-1.0
output:248,-1,-1.0,-1.0
output:249,-1,-1.0,-1.0
output:246,-1,-1.0,-1.0
output:247,-1,-1.0,-1.0
output:244,-1,-1.0,-1.0
output:245,-1,-1.0,-1.0
output:242,-1,-1.0,-1.0
output:243,-1,-1.0,-1.0
output:240,-1,-1.0,-1.0
output:241,-1,-1.0,-1.0
output:275,-1,-1.0,-1.0
output:274,-1,-1.0,-1.0
output:273,-1,-1.0,-1.0
output:272,-1,-1.0,-1.0
output:279,-1,-1.0,-1.0
output:278,-1,-1.0,-1.0
output:277,-1,-1.0,-1.0
output:276,-1,-1.0,-1.0
output:283,-1,-1.0,-1.0
output:282,-1,-1.0,-1.0
output:281,-1,-1.0,-1.0
output:280,-1,-1.0,-1.0
output:287,-1,-1.0,-1.0
output:286,-1,-1.0,-1.0
output:285,-1,-1.0,-1.0
output:284,-1,-1.0,-1.0
output:258,-1,-1.0,-1.0
output:259,-1,-1.0,-1.0
output:256,-1,-1.0,-1.0
output:257,-1,-1.0,-1.0
output:262,-1,-1.0,-1.0
output:263,-1,-1.0,-1.0
output:260,-1,-1.0,-1.0
output:261,-1,-1.0,-1.0
output:266,-1,-1.0,-1.0
output:267,-1,-1.0,-1.0
output:264,-1,-1.0,-1.0
output:265,-1,-1.0,-1.0
output:270,-1,-1.0,-1.0
output:271,-1,-1.0,-1.0
output:268,-1,-1.0,-1.0
output:269,-1,-1.0,-1.0
output:305,-1,-1.0,-1.0
output:304,-1,-1.0,-1.0
output:307,-1,-1.0,-1.0
output:306,-1,-1.0,-1.0
output:309,-1,-1.0,-1.0
output:308,-1,-1.0,-1.0
output:311,-1,-1.0,-1.0
output:310,-1,-1.0,-1.0
output:313,-1,-1.0,-1.0
output:312,-1,-1.0,-1.0
output:315,-1,-1.0,-1.0
output:314,-1,-1.0,-1.0
output:317,-1,-1.0,-1.0
output:316,-1,-1.0,-1.0
output:319,-1,-1.0,-1.0
output:318,-1,-1.0,-1.0
output:288,-1,-1.0,-1.0
output:289,-1,-1.0,-1.0
output:290,-1,-1.0,-1.0
output:291,-1,-1.0,-1.0
output:292,-1,-1.0,-1.0
output:293,-1,-1.0,-1.0
output:294,-1,-1.0,-1.0
output:295,-1,-1.0,-1.0
output:296,-1,-1.0,-1.0
output:297,-1,-1.0,-1.0
output:298,-1,-1.0,-1.0
output:299,-1,-1.0,-1.0
output:300,-1,-1.0,-1.0
output:301,-1,-1.0,-1.0
output:302,-1,-1.0,-1.0
output:303,-1,-1.0,-1.0
output:343,-1,-1.0,-1.0
output:342,-1,-1.0,-1.0
output:341,-1,-1.0,-1.0
output:340,-1,-1.0,-1.0
output:339,-1,-1.0,-1.0
output:338,-1,-1.0,-1.0
output:337,-1,-1.0,-1.0
output:336,-1,-1.0,-1.0
output:351,-1,-1.0,-1.0
output:350,-1,-1.0,-1.0
output:349,-1,-1.0,-1.0
output:348,-1,-1.0,-1.0
output:347,-1,-1.0,-1.0
output:346,-1,-1.0,-1.0
output:345,-1,-1.0,-1.0
output:344,-1,-1.0,-1.0
output:326,-1,-1.0,-1.0
output:327,-1,-1.0,-1.0
output:324,-1,-1.0,-1.0
output:325,-1,-1.0,-1.0
output:322,-1,-1.0,-1.0
output:323,6,9.851195513401754,-1.0
output:330,6,9.851195513401754,9.851195513401754
output:331,6,9.851195513401754,9.851195513401754
output:329,6,9.851195513401754,9.851195513401754
output:320,-1,-1.0,-1.0
output:321,-1,-1.0,-1.0
output:334,-1,-1.0,-1.0
output:335,-1,-1.0,-1.0
output:332,-1,-1.0,-1.0
output:333,-1,-1.0,-1.0
output:328,-1,-1.0,-1.0
output:373,-1,-1.0,-1.0
output:372,-1,-1.0,-1.0
output:375,-1,-1.0,-1.0
output:374,-1,-1.0,-1.0
output:369,-1,-1.0,-1.0
output:368,-1,-1.0,-1.0
output:371,-1,-1.0,-1.0
output:370,-1,-1.0,-1.0
output:381,-1,-1.0,-1.0
output:380,-1,-1.0,-1.0
output:383,-1,-1.0,-1.0
output:382,-1,-1.0,-1.0
output:377,-1,-1.0,-1.0
output:376,-1,-1.0,-1.0
output:379,-1,-1.0,-1.0
output:378,-1,-1.0,-1.0
output:356,-1,-1.0,-1.0
output:357,-1,-1.0,-1.0
output:358,-1,-1.0,-1.0
output:359,-1,-1.0,-1.0
output:352,-1,-1.0,-1.0
output:353,-1,-1.0,-1.0
output:354,-1,-1.0,-1.0
output:355,-1,-1.0,-1.0
output:364,-1,-1.0,-1.0
output:365,-1,-1.0,-1.0
output:366,-1,-1.0,-1.0
output:367,-1,-1.0,-1.0
output:360,-1,-1.0,-1.0
output:361,-1,-1.0,-1.0
output:362,-1,-1.0,-1.0
output:363,-1,-1.0,-1.0
output:410,-1,-1.0,-1.0
output:411,-1,-1.0,-1.0
output:408,-1,-1.0,-1.0
output:409,-1,-1.0,-1.0
output:414,-1,-1.0,-1.0
output:415,-1,-1.0,-1.0
output:412,-1,-1.0,-1.0
output:413,-1,-1.0,-1.0
output:402,-1,-1.0,-1.0
output:403,-1,-1.0,-1.0
output:400,-1,-1.0,-1.0
output:401,-1,-1.0,-1.0
output:406,-1,-1.0,-1.0
output:407,-1,-1.0,-1.0
output:404,-1,-1.0,-1.0
output:405,-1,-1.0,-1.0
output:395,-1,-1.0,-1.0
output:394,-1,-1.0,-1.0
output:393,-1,-1.0,-1.0
output:392,-1,-1.0,-1.0
output:399,-1,-1.0,-1.0
output:398,-1,-1.0,-1.0
output:397,-1,-1.0,-1.0
output:396,-1,-1.0,-1.0
output:387,7,14.30105796897288,-1.0
output:386,7,14.491351175204228,14.30105796897288
output:385,7,9.14335826540136,14.30105796897288
output:2106,7,14.491351175204228,9.14335826540136
output:384,-1,-1.0,-1.0
output:391,-1,-1.0,-1.0
output:390,-1,-1.0,-1.0
output:389,-1,-1.0,-1.0
output:388,-1,-1.0,-1.0
output:440,-1,-1.0,-1.0
output:441,-1,-1.0,-1.0
output:442,-1,-1.0,-1.0
output:443,-1,-1.0,-1.0
output:444,-1,-1.0,-1.0
output:445,-1,-1.0,-1.0
output:446,-1,-1.0,-1.0
output:447,-1,-1.0,-1.0
output:432,-1,-1.0,-1.0
output:433,-1,-1.0,-1.0
output:434,-1,-1.0,-1.0
output:435,-1,-1.0,-1.0
output:436,-1,-1.0,-1.0
output:437,-1,-1.0,-1.0
output:438,-1,-1.0,-1.0
output:439,-1,-1.0,-1.0
output:425,-1,-1.0,-1.0
output:424,-1,-1.0,-1.0
output:427,-1,-1.0,-1.0
output:426,-1,-1.0,-1.0
output:429,-1,-1.0,-1.0
output:428,-1,-1.0,-1.0
output:431,-1,-1.0,-1.0
output:430,-1,-1.0,-1.0
output:417,-1,-1.0,-1.0
output:416,-1,-1.0,-1.0
output:419,-1,-1.0,-1.0
output:418,-1,-1.0,-1.0
output:421,-1,-1.0,-1.0
output:420,-1,-1.0,-1.0
output:423,-1,-1.0,-1.0
output:422,-1,-1.0,-1.0
output:478,-1,-1.0,-1.0
output:479,-1,-1.0,-1.0
output:476,-1,-1.0,-1.0
output:477,-1,-1.0,-1.0
output:474,-1,-1.0,-1.0
output:475,-1,-1.0,-1.0
output:472,-1,-1.0,-1.0
output:473,-1,-1.0,-1.0
output:470,-1,-1.0,-1.0
output:471,-1,-1.0,-1.0
output:468,-1,-1.0,-1.0
output:469,-1,-1.0,-1.0
output:466,-1,-1.0,-1.0
output:467,-1,-1.0,-1.0
output:464,-1,-1.0,-1.0
output:465,-1,-1.0,-1.0
output:463,-1,-1.0,-1.0
output:462,-1,-1.0,-1.0
output:461,-1,-1.0,-1.0
output:460,-1,-1.0,-1.0
output:459,-1,-1.0,-1.0
output:458,-1,-1.0,-1.0
output:457,-1,-1.0,-1.0
output:456,-1,-1.0,-1.0
output:455,-1,-1.0,-1.0
output:454,-1,-1.0,-1.0
output:453,-1,-1.0,-1.0
output:452,-1,-1.0,-1.0
output:451,-1,-1.0,-1.0
output:450,-1,-1.0,-1.0
output:449,-1,-1.0,-1.0
output:448,-1,-1.0,-1.0
output:508,-1,-1.0,-1.0
output:509,-1,-1.0,-1.0
output:510,-1,-1.0,-1.0
output:511,-1,-1.0,-1.0
output:504,-1,-1.0,-1.0
output:505,-1,-1.0,-1.0
output:506,-1,-1.0,-1.0
output:507,-1,-1.0,-1.0
output:500,-1,-1.0,-1.0
output:501,-1,-1.0,-1.0
output:502,-1,-1.0,-1.0
output:503,-1,-1.0,-1.0
output:496,-1,-1.0,-1.0
output:497,-1,-1.0,-1.0
output:498,-1,-1.0,-1.0
output:499,-1,-1.0,-1.0
output:493,-1,-1.0,-1.0
output:492,-1,-1.0,-1.0
output:495,-1,-1.0,-1.0
output:494,-1,-1.0,-1.0
output:489,-1,-1.0,-1.0
output:488,-1,-1.0,-1.0
output:491,-1,-1.0,-1.0
output:490,-1,-1.0,-1.0
output:485,-1,-1.0,-1.0
output:484,-1,-1.0,-1.0
output:487,-1,-1.0,-1.0
output:486,-1,-1.0,-1.0
output:481,-1,-1.0,-1.0
output:480,-1,-1.0,-1.0
output:483,-1,-1.0,-1.0
output:482,-1,-1.0,-1.0
output:550,-1,-1.0,-1.0
output:551,-1,-1.0,-1.0
output:548,-1,-1.0,-1.0
output:549,-1,-1.0,-1.0
output:546,-1,-1.0,-1.0
output:547,-1,-1.0,-1.0
output:544,-1,-1.0,-1.0
output:545,-1,-1.0,-1.0
output:558,-1,-1.0,-1.0
output:559,-1,-1.0,-1.0
output:556,-1,-1.0,-1.0
output:557,-1,-1.0,-1.0
output:554,-1,-1.0,-1.0
output:555,-1,-1.0,-1.0
output:552,-1,-1.0,-1.0
output:553,-1,-1.0,-1.0
output:567,-1,-1.0,-1.0
output:566,-1,-1.0,-1.0
output:565,-1,-1.0,-1.0
output:564,-1,-1.0,-1.0
output:563,-1,-1.0,-1.0
output:562,-1,-1.0,-1.0
output:561,-1,-1.0,-1.0
output:560,-1,-1.0,-1.0
output:575,-1,-1.0,-1.0
output:574,-1,-1.0,-1.0
output:573,-1,-1.0,-1.0
output:572,-1,-1.0,-1.0
output:571,-1,-1.0,-1.0
output:570,-1,-1.0,-1.0
output:569,-1,-1.0,-1.0
output:568,-1,-1.0,-1.0
output:516,-1,-1.0,-1.0
output:517,-1,-1.0,-1.0
output:518,-1,-1.0,-1.0
output:519,-1,-1.0,-1.0
output:512,-1,-1.0,-1.0
output:513,-1,-1.0,-1.0
output:514,-1,-1.0,-1.0
output:515,-1,-1.0,-1.0
output:524,-1,-1.0,-1.0
output:525,-1,-1.0,-1.0
output:526,-1,-1.0,-1.0
output:527,-1,-1.0,-1.0
output:520,-1,-1.0,-1.0
output:521,-1,-1.0,-1.0
output:522,-1,-1.0,-1.0
output:523,-1,-1.0,-1.0
output:533,-1,-1.0,-1.0
output:532,-1,-1.0,-1.0
output:535,-1,-1.0,-1.0
output:534,-1,-1.0,-1.0
output:529,-1,-1.0,-1.0
output:528,-1,-1.0,-1.0
output:531,-1,-1.0,-1.0
output:530,-1,-1.0,-1.0
output:541,-1,-1.0,-1.0
output:540,-1,-1.0,-1.0
output:543,-1,-1.0,-1.0
output:542,-1,-1.0,-1.0
output:537,-1,-1.0,-1.0
output:536,-1,-1.0,-1.0
output:539,-1,-1.0,-1.0
output:538,-1,-1.0,-1.0
output:610,-1,-1.0,-1.0
output:611,-1,-1.0,-1.0
output:608,-1,-1.0,-1.0
output:609,-1,-1.0,-1.0
output:614,-1,-1.0,-1.0
output:615,-1,-1.0,-1.0
output:612,-1,-1.0,-1.0
output:613,-1,-1.0,-1.0
output:618,-1,-1.0,-1.0
output:619,-1,-1.0,-1.0
output:616,-1,-1.0,-1.0
output:617,-1,-1.0,-1.0
output:622,-1,-1.0,-1.0
output:623,-1,-1.0,-1.0
output:620,-1,-1.0,-1.0
output:621,-1,-1.0,-1.0
output:627,-1,-1.0,-1.0
output:626,-1,-1.0,-1.0
output:625,-1,-1.0,-1.0
output:624,-1,-1.0,-1.0
output:631,-1,-1.0,-1.0
output:630,-1,-1.0,-1.0
output:629,-1,-1.0,-1.0
output:628,-1,-1.0,-1.0
output:635,-1,-1.0,-1.0
output:634,-1,-1.0,-1.0
output:633,-1,-1.0,-1.0
output:632,-1,-1.0,-1.0
output:639,-1,-1.0,-1.0
output:638,-1,-1.0,-1.0
output:637,-1,-1.0,-1.0
output:636,-1,-1.0,-1.0
output:576,-1,-1.0,-1.0
output:577,-1,-1.0,-1.0
output:578,-1,-1.0,-1.0
output:579,-1,-1.0,-1.0
output:580,-1,-1.0,-1.0
output:581,-1,-1.0,-1.0
output:582,-1,-1.0,-1.0
output:583,-1,-1.0,-1.0
output:584,-1,-1.0,-1.0
output:585,-1,-1.0,-1.0
output:586,-1,-1.0,-1.0
output:587,-1,-1.0,-1.0
output:588,-1,-1.0,-1.0
output:589,-1,-1.0,-1.0
output:590,-1,-1.0,-1.0
output:591,-1,-1.0,-1.0
output:593,-1,-1.0,-1.0
output:592,-1,-1.0,-1.0
output:595,-1,-1.0,-1.0
output:594,-1,-1.0,-1.0
output:597,-1,-1.0,-1.0
output:596,-1,-1.0,-1.0
output:599,-1,-1.0,-1.0
output:598,-1,-1.0,-1.0
output:601,-1,-1.0,-1.0
output:600,-1,-1.0,-1.0
output:603,-1,-1.0,-1.0
output:602,-1,-1.0,-1.0
output:605,-1,-1.0,-1.0
output:604,-1,-1.0,-1.0
output:607,-1,-1.0,-1.0
output:606,-1,-1.0,-1.0
output:687,-1,-1.0,-1.0
output:686,-1,-1.0,-1.0
output:685,-1,-1.0,-1.0
output:684,-1,-1.0,-1.0
output:683,-1,-1.0,-1.0
output:682,-1,-1.0,-1.0
output:681,-1,-1.0,-1.0
output:680,-1,-1.0,-1.0
output:679,-1,-1.0,-1.0
output:678,-1,-1.0,-1.0
output:677,-1,-1.0,-1.0
output:676,-1,-1.0,-1.0
output:675,-1,-1.0,-1.0
output:674,-1,-1.0,-1.0
output:673,-1,-1.0,-1.0
output:672,-1,-1.0,-1.0
output:702,-1,-1.0,-1.0
output:703,-1,-1.0,-1.0
output:700,-1,-1.0,-1.0
output:701,-1,-1.0,-1.0
output:698,-1,-1.0,-1.0
output:699,-1,-1.0,-1.0
output:696,-1,-1.0,-1.0
output:697,-1,-1.0,-1.0
output:694,-1,-1.0,-1.0
output:695,-1,-1.0,-1.0
output:692,-1,-1.0,-1.0
output:693,-1,-1.0,-1.0
output:690,-1,-1.0,-1.0
output:691,-1,-1.0,-1.0
output:688,-1,-1.0,-1.0
output:689,-1,-1.0,-1.0
output:653,-1,-1.0,-1.0
output:652,-1,-1.0,-1.0
output:655,-1,-1.0,-1.0
output:654,-1,-1.0,-1.0
output:649,-1,-1.0,-1.0
output:648,-1,-1.0,-1.0
output:651,-1,-1.0,-1.0
output:650,-1,-1.0,-1.0
output:645,-1,-1.0,-1.0
output:644,-1,-1.0,-1.0
output:647,-1,-1.0,-1.0
output:646,-1,-1.0,-1.0
output:641,-1,-1.0,-1.0
output:640,-1,-1.0,-1.0
output:643,-1,-1.0,-1.0
output:642,-1,-1.0,-1.0
output:668,-1,-1.0,-1.0
output:669,-1,-1.0,-1.0
output:670,-1,-1.0,-1.0
output:671,-1,-1.0,-1.0
output:664,-1,-1.0,-1.0
output:665,-1,-1.0,-1.0
output:666,-1,-1.0,-1.0
output:667,-1,-1.0,-1.0
output:660,-1,-1.0,-1.0
output:661,-1,-1.0,-1.0
output:662,-1,-1.0,-1.0
output:663,-1,-1.0,-1.0
output:656,-1,-1.0,-1.0
output:657,-1,-1.0,-1.0
output:658,-1,-1.0,-1.0
output:659,-1,-1.0,-1.0
output:747,-1,-1.0,-1.0
output:746,-1,-1.0,-1.0
output:745,-1,-1.0,-1.0
output:744,-1,-1.0,-1.0
output:751,-1,-1.0,-1.0
output:750,-1,-1.0,-1.0
output:749,-1,-1.0,-1.0
output:748,-1,-1.0,-1.0
output:739,-1,-1.0,-1.0
output:738,-1,-1.0,-1.0
output:737,-1,-1.0,-1.0
output:736,-1,-1.0,-1.0
output:743,-1,-1.0,-1.0
output:742,-1,-1.0,-1.0
output:741,-1,-1.0,-1.0
output:740,-1,-1.0,-1.0
output:762,-1,-1.0,-1.0
output:763,-1,-1.0,-1.0
output:760,-1,-1.0,-1.0
output:761,-1,-1.0,-1.0
output:766,-1,-1.0,-1.0
output:767,-1,-1.0,-1.0
output:764,-1,-1.0,-1.0
output:765,-1,-1.0,-1.0
output:754,-1,-1.0,-1.0
output:755,-1,-1.0,-1.0
output:752,-1,-1.0,-1.0
output:753,-1,-1.0,-1.0
output:758,-1,-1.0,-1.0
output:759,-1,-1.0,-1.0
output:756,-1,-1.0,-1.0
output:757,-1,-1.0,-1.0
output:713,-1,-1.0,-1.0
output:712,-1,-1.0,-1.0
output:715,-1,-1.0,-1.0
output:714,-1,-1.0,-1.0
output:717,-1,-1.0,-1.0
output:716,-1,-1.0,-1.0
output:719,-1,-1.0,-1.0
output:718,-1,-1.0,-1.0
output:705,-1,-1.0,-1.0
output:704,-1,-1.0,-1.0
output:707,-1,-1.0,-1.0
output:706,-1,-1.0,-1.0
output:709,-1,-1.0,-1.0
output:708,-1,-1.0,-1.0
output:711,-1,-1.0,-1.0
output:710,-1,-1.0,-1.0
output:728,-1,-1.0,-1.0
output:729,-1,-1.0,-1.0
output:730,-1,-1.0,-1.0
output:731,-1,-1.0,-1.0
output:732,-1,-1.0,-1.0
output:733,-1,-1.0,-1.0
output:734,-1,-1.0,-1.0
output:735,-1,-1.0,-1.0
output:720,-1,-1.0,-1.0
output:721,-1,-1.0,-1.0
output:722,-1,-1.0,-1.0
output:723,-1,-1.0,-1.0
output:724,-1,-1.0,-1.0
output:725,-1,-1.0,-1.0
output:726,-1,-1.0,-1.0
output:727,-1,-1.0,-1.0
output:821,-1,-1.0,-1.0
output:820,-1,-1.0,-1.0
output:823,-1,-1.0,-1.0
output:822,-1,-1.0,-1.0
output:817,-1,-1.0,-1.0
output:816,-1,-1.0,-1.0
output:819,-1,-1.0,-1.0
output:818,-1,-1.0,-1.0
output:829,-1,-1.0,-1.0
output:828,-1,-1.0,-1.0
output:831,-1,-1.0,-1.0
output:830,-1,-1.0,-1.0
output:825,-1,-1.0,-1.0
output:824,-1,-1.0,-1.0
output:827,-1,-1.0,-1.0
output:826,-1,-1.0,-1.0
output:804,-1,-1.0,-1.0
output:805,-1,-1.0,-1.0
output:806,-1,-1.0,-1.0
output:807,-1,-1.0,-1.0
output:800,-1,-1.0,-1.0
output:801,-1,-1.0,-1.0
output:802,-1,-1.0,-1.0
output:803,-1,-1.0,-1.0
output:812,-1,-1.0,-1.0
output:813,-1,-1.0,-1.0
output:814,-1,-1.0,-1.0
output:815,-1,-1.0,-1.0
output:808,-1,-1.0,-1.0
output:809,-1,-1.0,-1.0
output:810,-1,-1.0,-1.0
output:811,-1,-1.0,-1.0
output:791,-1,-1.0,-1.0
output:790,-1,-1.0,-1.0
output:789,-1,-1.0,-1.0
output:788,-1,-1.0,-1.0
output:787,-1,-1.0,-1.0
output:786,-1,-1.0,-1.0
output:785,-1,-1.0,-1.0
output:784,-1,-1.0,-1.0
output:799,-1,-1.0,-1.0
output:798,-1,-1.0,-1.0
output:797,-1,-1.0,-1.0
output:796,-1,-1.0,-1.0
output:795,-1,-1.0,-1.0
output:794,-1,-1.0,-1.0
output:793,-1,-1.0,-1.0
output:792,-1,-1.0,-1.0
output:774,-1,-1.0,-1.0
output:775,-1,-1.0,-1.0
output:772,-1,-1.0,-1.0
output:773,-1,-1.0,-1.0
output:770,-1,-1.0,-1.0
output:771,-1,-1.0,-1.0
output:768,-1,-1.0,-1.0
output:769,-1,-1.0,-1.0
output:782,-1,-1.0,-1.0
output:783,-1,-1.0,-1.0
output:780,-1,-1.0,-1.0
output:781,-1,-1.0,-1.0
output:778,-1,-1.0,-1.0
output:779,-1,-1.0,-1.0
output:776,-1,-1.0,-1.0
output:777,-1,-1.0,-1.0
output:881,-1,-1.0,-1.0
output:880,-1,-1.0,-1.0
output:883,-1,-1.0,-1.0
output:882,-1,-1.0,-1.0
output:885,-1,-1.0,-1.0
output:884,-1,-1.0,-1.0
output:887,-1,-1.0,-1.0
output:886,-1,-1.0,-1.0
output:889,-1,-1.0,-1.0
output:888,-1,-1.0,-1.0
output:891,-1,-1.0,-1.0
output:890,-1,-1.0,-1.0
output:893,-1,-1.0,-1.0
output:892,-1,-1.0,-1.0
output:895,-1,-1.0,-1.0
output:894,-1,-1.0,-1.0
output:864,-1,-1.0,-1.0
output:865,-1,-1.0,-1.0
output:866,-1,-1.0,-1.0
output:867,-1,-1.0,-1.0
output:868,-1,-1.0,-1.0
output:869,-1,-1.0,-1.0
output:870,-1,-1.0,-1.0
output:871,-1,-1.0,-1.0
output:872,-1,-1.0,-1.0
output:873,-1,-1.0,-1.0
output:874,-1,-1.0,-1.0
output:875,-1,-1.0,-1.0
output:876,-1,-1.0,-1.0
output:877,-1,-1.0,-1.0
output:878,-1,-1.0,-1.0
output:879,-1,-1.0,-1.0
output:851,-1,-1.0,-1.0
output:850,-1,-1.0,-1.0
output:849,-1,-1.0,-1.0
output:848,-1,-1.0,-1.0
output:855,-1,-1.0,-1.0
output:854,-1,-1.0,-1.0
output:853,-1,-1.0,-1.0
output:852,-1,-1.0,-1.0
output:859,-1,-1.0,-1.0
output:858,-1,-1.0,-1.0
output:857,-1,-1.0,-1.0
output:856,-1,-1.0,-1.0
output:863,-1,-1.0,-1.0
output:862,-1,-1.0,-1.0
output:861,-1,-1.0,-1.0
output:860,-1,-1.0,-1.0
output:834,-1,-1.0,-1.0
output:835,-1,-1.0,-1.0
output:832,-1,-1.0,-1.0
output:833,-1,-1.0,-1.0
output:838,-1,-1.0,-1.0
output:839,-1,-1.0,-1.0
output:836,-1,-1.0,-1.0
output:837,-1,-1.0,-1.0
output:842,-1,-1.0,-1.0
output:843,-1,-1.0,-1.0
output:840,-1,-1.0,-1.0
output:841,-1,-1.0,-1.0
output:846,-1,-1.0,-1.0
output:847,-1,-1.0,-1.0
output:844,-1,-1.0,-1.0
output:845,-1,-1.0,-1.0
output:956,-1,-1.0,-1.0
output:957,-1,-1.0,-1.0
output:958,-1,-1.0,-1.0
output:959,-1,-1.0,-1.0
output:952,-1,-1.0,-1.0
output:953,-1,-1.0,-1.0
output:954,-1,-1.0,-1.0
output:955,-1,-1.0,-1.0
output:948,-1,-1.0,-1.0
output:949,-1,-1.0,-1.0
output:950,-1,-1.0,-1.0
output:951,-1,-1.0,-1.0
output:944,-1,-1.0,-1.0
output:945,-1,-1.0,-1.0
output:946,-1,-1.0,-1.0
output:947,-1,-1.0,-1.0
output:941,-1,-1.0,-1.0
output:940,-1,-1.0,-1.0
output:943,-1,-1.0,-1.0
output:942,-1,-1.0,-1.0
output:937,-1,-1.0,-1.0
output:936,-1,-1.0,-1.0
output:939,-1,-1.0,-1.0
output:938,-1,-1.0,-1.0
output:933,-1,-1.0,-1.0
output:932,-1,-1.0,-1.0
output:935,-1,-1.0,-1.0
output:934,-1,-1.0,-1.0
output:929,-1,-1.0,-1.0
output:928,-1,-1.0,-1.0
output:931,-1,-1.0,-1.0
output:930,-1,-1.0,-1.0
output:926,-1,-1.0,-1.0
output:927,-1,-1.0,-1.0
output:924,-1,-1.0,-1.0
output:925,-1,-1.0,-1.0
output:922,-1,-1.0,-1.0
output:923,-1,-1.0,-1.0
output:920,-1,-1.0,-1.0
output:921,-1,-1.0,-1.0
output:918,-1,-1.0,-1.0
output:919,-1,-1.0,-1.0
output:916,-1,-1.0,-1.0
output:917,-1,-1.0,-1.0
output:914,-1,-1.0,-1.0
output:915,-1,-1.0,-1.0
output:912,-1,-1.0,-1.0
output:913,-1,-1.0,-1.0
output:911,-1,-1.0,-1.0
output:910,-1,-1.0,-1.0
output:909,-1,-1.0,-1.0
output:908,-1,-1.0,-1.0
output:907,-1,-1.0,-1.0
output:906,-1,-1.0,-1.0
output:905,-1,-1.0,-1.0
output:904,-1,-1.0,-1.0
output:903,-1,-1.0,-1.0
output:902,-1,-1.0,-1.0
output:901,-1,-1.0,-1.0
output:900,-1,-1.0,-1.0
output:899,-1,-1.0,-1.0
output:898,-1,-1.0,-1.0
output:897,-1,-1.0,-1.0
output:896,-1,-1.0,-1.0
output:1016,-1,-1.0,-1.0
output:1017,-1,-1.0,-1.0
output:1018,-1,-1.0,-1.0
output:1019,-1,-1.0,-1.0
output:1020,-1,-1.0,-1.0
output:1021,-1,-1.0,-1.0
output:1022,-1,-1.0,-1.0
output:1023,-1,-1.0,-1.0
output:1008,-1,-1.0,-1.0
output:1009,-1,-1.0,-1.0
output:1010,-1,-1.0,-1.0
output:1011,-1,-1.0,-1.0
output:1012,-1,-1.0,-1.0
output:1013,-1,-1.0,-1.0
output:1014,-1,-1.0,-1.0
output:1015,-1,-1.0,-1.0
output:1001,-1,-1.0,-1.0
output:1000,-1,-1.0,-1.0
output:1003,-1,-1.0,-1.0
output:1002,-1,-1.0,-1.0
output:1005,-1,-1.0,-1.0
output:1004,-1,-1.0,-1.0
output:1007,-1,-1.0,-1.0
output:1006,-1,-1.0,-1.0
output:993,-1,-1.0,-1.0
output:992,-1,-1.0,-1.0
output:995,-1,-1.0,-1.0
output:994,-1,-1.0,-1.0
output:997,-1,-1.0,-1.0
output:996,-1,-1.0,-1.0
output:999,-1,-1.0,-1.0
output:998,-1,-1.0,-1.0
output:986,-1,-1.0,-1.0
output:987,-1,-1.0,-1.0
output:984,-1,-1.0,-1.0
output:985,-1,-1.0,-1.0
output:990,-1,-1.0,-1.0
output:991,-1,-1.0,-1.0
output:988,-1,-1.0,-1.0
output:989,-1,-1.0,-1.0
output:978,-1,-1.0,-1.0
output:979,-1,-1.0,-1.0
output:976,-1,-1.0,-1.0
output:977,-1,-1.0,-1.0
output:982,-1,-1.0,-1.0
output:983,-1,-1.0,-1.0
output:980,-1,-1.0,-1.0
output:981,-1,-1.0,-1.0
output:971,-1,-1.0,-1.0
output:970,-1,-1.0,-1.0
output:969,-1,-1.0,-1.0
output:968,-1,-1.0,-1.0
output:975,-1,-1.0,-1.0
output:974,-1,-1.0,-1.0
output:973,-1,-1.0,-1.0
output:972,-1,-1.0,-1.0
output:963,-1,-1.0,-1.0
output:962,-1,-1.0,-1.0
output:961,-1,-1.0,-1.0
output:960,-1,-1.0,-1.0
output:967,-1,-1.0,-1.0
output:966,-1,-1.0,-1.0
output:965,-1,-1.0,-1.0
output:964,-1,-1.0,-1.0
output:1100,-1,-1.0,-1.0
output:1101,-1,-1.0,-1.0
output:1102,-1,-1.0,-1.0
output:1103,-1,-1.0,-1.0
output:1096,-1,-1.0,-1.0
output:1097,-1,-1.0,-1.0
output:1098,-1,-1.0,-1.0
output:1099,-1,-1.0,-1.0
output:1092,-1,-1.0,-1.0
output:1093,-1,-1.0,-1.0
output:1094,-1,-1.0,-1.0
output:1095,-1,-1.0,-1.0
output:1088,-1,-1.0,-1.0
output:1089,-1,-1.0,-1.0
output:1090,-1,-1.0,-1.0
output:1091,-1,-1.0,-1.0
output:1117,-1,-1.0,-1.0
output:1116,-1,-1.0,-1.0
output:1119,-1,-1.0,-1.0
output:1118,-1,-1.0,-1.0
output:1113,-1,-1.0,-1.0
output:1112,-1,-1.0,-1.0
output:1115,-1,-1.0,-1.0
output:1114,-1,-1.0,-1.0
output:1109,-1,-1.0,-1.0
output:1108,-1,-1.0,-1.0
output:1111,-1,-1.0,-1.0
output:1110,-1,-1.0,-1.0
output:1105,-1,-1.0,-1.0
output:1104,-1,-1.0,-1.0
output:1107,-1,-1.0,-1.0
output:1106,-1,-1.0,-1.0
output:1134,-1,-1.0,-1.0
output:1135,-1,-1.0,-1.0
output:1132,-1,-1.0,-1.0
output:1133,-1,-1.0,-1.0
output:1130,-1,-1.0,-1.0
output:1131,-1,-1.0,-1.0
output:1128,-1,-1.0,-1.0
output:1129,-1,-1.0,-1.0
output:1126,-1,-1.0,-1.0
output:1127,-1,-1.0,-1.0
output:1124,-1,-1.0,-1.0
output:1125,-1,-1.0,-1.0
output:1122,-1,-1.0,-1.0
output:1123,-1,-1.0,-1.0
output:1120,-1,-1.0,-1.0
output:1121,-1,-1.0,-1.0
output:1151,-1,-1.0,-1.0
output:1150,-1,-1.0,-1.0
output:1149,-1,-1.0,-1.0
output:1148,-1,-1.0,-1.0
output:1147,-1,-1.0,-1.0
output:1146,-1,-1.0,-1.0
output:1145,-1,-1.0,-1.0
output:1144,-1,-1.0,-1.0
output:1143,-1,-1.0,-1.0
output:1142,-1,-1.0,-1.0
output:1141,-1,-1.0,-1.0
output:1140,-1,-1.0,-1.0
output:1139,-1,-1.0,-1.0
output:1138,-1,-1.0,-1.0
output:1137,-1,-1.0,-1.0
output:1136,-1,-1.0,-1.0
output:1032,-1,-1.0,-1.0
output:1033,-1,-1.0,-1.0
output:1034,-1,-1.0,-1.0
output:1035,-1,-1.0,-1.0
output:1036,-1,-1.0,-1.0
output:1037,-1,-1.0,-1.0
output:1038,-1,-1.0,-1.0
output:1039,-1,-1.0,-1.0
output:1024,-1,-1.0,-1.0
output:1025,-1,-1.0,-1.0
output:1026,-1,-1.0,-1.0
output:1027,-1,-1.0,-1.0
output:1028,-1,-1.0,-1.0
output:1029,-1,-1.0,-1.0
output:1030,-1,-1.0,-1.0
output:1031,-1,-1.0,-1.0
output:1049,-1,-1.0,-1.0
output:1048,-1,-1.0,-1.0
output:1051,-1,-1.0,-1.0
output:1050,-1,-1.0,-1.0
output:1053,-1,-1.0,-1.0
output:1052,-1,-1.0,-1.0
output:1055,-1,-1.0,-1.0
output:1054,-1,-1.0,-1.0
output:1041,-1,-1.0,-1.0
output:1040,-1,-1.0,-1.0
output:1043,-1,-1.0,-1.0
output:1042,-1,-1.0,-1.0
output:1045,-1,-1.0,-1.0
output:1044,-1,-1.0,-1.0
output:1047,-1,-1.0,-1.0
output:1046,-1,-1.0,-1.0
output:1066,-1,-1.0,-1.0
output:1067,-1,-1.0,-1.0
output:1064,-1,-1.0,-1.0
output:1065,-1,-1.0,-1.0
output:1070,-1,-1.0,-1.0
output:1071,-1,-1.0,-1.0
output:1068,-1,-1.0,-1.0
output:1069,-1,-1.0,-1.0
output:1058,-1,-1.0,-1.0
output:1059,-1,-1.0,-1.0
output:1056,-1,-1.0,-1.0
output:1057,-1,-1.0,-1.0
output:1062,-1,-1.0,-1.0
output:1063,-1,-1.0,-1.0
output:1060,-1,-1.0,-1.0
output:1061,-1,-1.0,-1.0
output:1083,-1,-1.0,-1.0
output:1082,-1,-1.0,-1.0
output:1081,-1,-1.0,-1.0
output:1080,-1,-1.0,-1.0
output:1087,-1,-1.0,-1.0
output:1086,-1,-1.0,-1.0
output:1085,-1,-1.0,-1.0
output:1084,-1,-1.0,-1.0
output:1075,-1,-1.0,-1.0
output:1074,-1,-1.0,-1.0
output:1073,-1,-1.0,-1.0
output:1072,-1,-1.0,-1.0
output:1079,-1,-1.0,-1.0
output:1078,-1,-1.0,-1.0
output:1077,-1,-1.0,-1.0
output:1076,-1,-1.0,-1.0
output:1221,-1,-1.0,-1.0
output:1220,-1,-1.0,-1.0
output:1223,-1,-1.0,-1.0
output:1222,-1,-1.0,-1.0
output:1217,-1,-1.0,-1.0
output:1216,-1,-1.0,-1.0
output:1219,-1,-1.0,-1.0
output:1218,-1,-1.0,-1.0
output:1229,-1,-1.0,-1.0
output:1228,-1,-1.0,-1.0
output:1231,-1,-1.0,-1.0
output:1230,-1,-1.0,-1.0
output:1225,-1,-1.0,-1.0
output:1224,-1,-1.0,-1.0
output:1227,-1,-1.0,-1.0
output:1226,-1,-1.0,-1.0
output:1236,-1,-1.0,-1.0
output:1237,-1,-1.0,-1.0
output:1238,-1,-1.0,-1.0
output:1239,-1,-1.0,-1.0
output:1232,-1,-1.0,-1.0
output:1233,-1,-1.0,-1.0
output:1234,-1,-1.0,-1.0
output:1235,-1,-1.0,-1.0
output:1244,-1,-1.0,-1.0
output:1245,-1,-1.0,-1.0
output:1246,-1,-1.0,-1.0
output:1247,-1,-1.0,-1.0
output:1240,-1,-1.0,-1.0
output:1241,-1,-1.0,-1.0
output:1242,-1,-1.0,-1.0
output:1243,-1,-1.0,-1.0
output:1255,-1,-1.0,-1.0
output:1254,-1,-1.0,-1.0
output:1253,-1,-1.0,-1.0
output:1252,-1,-1.0,-1.0
output:1251,-1,-1.0,-1.0
output:1250,-1,-1.0,-1.0
output:1249,-1,-1.0,-1.0
output:1248,-1,-1.0,-1.0
output:1263,-1,-1.0,-1.0
output:1262,-1,-1.0,-1.0
output:1261,-1,-1.0,-1.0
output:1260,-1,-1.0,-1.0
output:1259,-1,-1.0,-1.0
output:1258,-1,-1.0,-1.0
output:1257,-1,-1.0,-1.0
output:1256,-1,-1.0,-1.0
output:1270,-1,-1.0,-1.0
output:1271,-1,-1.0,-1.0
output:1268,-1,-1.0,-1.0
output:1269,-1,-1.0,-1.0
output:1266,-1,-1.0,-1.0
output:1267,-1,-1.0,-1.0
output:1264,-1,-1.0,-1.0
output:1265,-1,-1.0,-1.0
output:1278,-1,-1.0,-1.0
output:1279,-1,-1.0,-1.0
output:1276,-1,-1.0,-1.0
output:1277,-1,-1.0,-1.0
output:1274,-1,-1.0,-1.0
output:1275,-1,-1.0,-1.0
output:1272,-1,-1.0,-1.0
output:1273,-1,-1.0,-1.0
output:1153,-1,-1.0,-1.0
output:1152,-1,-1.0,-1.0
output:1155,-1,-1.0,-1.0
output:1154,-1,-1.0,-1.0
output:1157,-1,-1.0,-1.0
output:1156,-1,-1.0,-1.0
output:1159,-1,-1.0,-1.0
output:1158,-1,-1.0,-1.0
output:1161,-1,-1.0,-1.0
output:1160,-1,-1.0,-1.0
output:1163,-1,-1.0,-1.0
output:1162,-1,-1.0,-1.0
output:1165,-1,-1.0,-1.0
output:1164,-1,-1.0,-1.0
output:1167,-1,-1.0,-1.0
output:1166,-1,-1.0,-1.0
output:1168,-1,-1.0,-1.0
output:1169,-1,-1.0,-1.0
output:1170,-1,-1.0,-1.0
output:1171,-1,-1.0,-1.0
output:1172,-1,-1.0,-1.0
output:1173,-1,-1.0,-1.0
output:1174,-1,-1.0,-1.0
output:1175,-1,-1.0,-1.0
output:1176,-1,-1.0,-1.0
output:1177,-1,-1.0,-1.0
output:1178,-1,-1.0,-1.0
output:1179,-1,-1.0,-1.0
output:1180,-1,-1.0,-1.0
output:1181,-1,-1.0,-1.0
output:1182,-1,-1.0,-1.0
output:1183,-1,-1.0,-1.0
output:1187,-1,-1.0,-1.0
output:1186,-1,-1.0,-1.0
output:1185,-1,-1.0,-1.0
output:1184,-1,-1.0,-1.0
output:1191,-1,-1.0,-1.0
output:1190,-1,-1.0,-1.0
output:1189,-1,-1.0,-1.0
output:1188,-1,-1.0,-1.0
output:1195,-1,-1.0,-1.0
output:1194,-1,-1.0,-1.0
output:1193,-1,-1.0,-1.0
output:1192,-1,-1.0,-1.0
output:1199,-1,-1.0,-1.0
output:1198,-1,-1.0,-1.0
output:1197,-1,-1.0,-1.0
output:1196,-1,-1.0,-1.0
output:1202,-1,-1.0,-1.0
output:1203,-1,-1.0,-1.0
output:1200,-1,-1.0,-1.0
output:1201,-1,-1.0,-1.0
output:1206,-1,-1.0,-1.0
output:1207,-1,-1.0,-1.0
output:1204,-1,-1.0,-1.0
output:1205,-1,-1.0,-1.0
output:1210,-1,-1.0,-1.0
output:1211,-1,-1.0,-1.0
output:1208,-1,-1.0,-1.0
output:1209,-1,-1.0,-1.0
output:1214,-1,-1.0,-1.0
output:1215,-1,-1.0,-1.0
output:1212,-1,-1.0,-1.0
output:1213,-1,-1.0,-1.0
output:1375,-1,-1.0,-1.0
output:1374,-1,-1.0,-1.0
output:1373,-1,-1.0,-1.0
output:1372,-1,-1.0,-1.0
output:1371,-1,-1.0,-1.0
output:1370,-1,-1.0,-1.0
output:1369,-1,-1.0,-1.0
output:1368,-1,-1.0,-1.0
output:1367,-1,-1.0,-1.0
output:1366,-1,-1.0,-1.0
output:1365,-1,-1.0,-1.0
output:1364,-1,-1.0,-1.0
output:1363,-1,-1.0,-1.0
output:1362,-1,-1.0,-1.0
output:1361,-1,-1.0,-1.0
output:1360,-1,-1.0,-1.0
output:1358,-1,-1.0,-1.0
output:1359,-1,-1.0,-1.0
output:1356,-1,-1.0,-1.0
output:1357,-1,-1.0,-1.0
output:1354,-1,-1.0,-1.0
output:1355,-1,-1.0,-1.0
output:1352,-1,-1.0,-1.0
output:1353,-1,-1.0,-1.0
output:1350,-1,-1.0,-1.0
output:1351,-1,-1.0,-1.0
output:1348,-1,-1.0,-1.0
output:1349,-1,-1.0,-1.0
output:1346,-1,-1.0,-1.0
output:1347,-1,-1.0,-1.0
output:1344,-1,-1.0,-1.0
output:1345,-1,-1.0,-1.0
output:1405,-1,-1.0,-1.0
output:1404,-1,-1.0,-1.0
output:1407,-1,-1.0,-1.0
output:1406,-1,-1.0,-1.0
output:1401,-1,-1.0,-1.0
output:1400,-1,-1.0,-1.0
output:1403,-1,-1.0,-1.0
output:1402,-1,-1.0,-1.0
output:1397,-1,-1.0,-1.0
output:1396,-1,-1.0,-1.0
output:1399,-1,-1.0,-1.0
output:1398,-1,-1.0,-1.0
output:1393,-1,-1.0,-1.0
output:1392,-1,-1.0,-1.0
output:1395,-1,-1.0,-1.0
output:1394,-1,-1.0,-1.0
output:1388,-1,-1.0,-1.0
output:1389,-1,-1.0,-1.0
output:1390,-1,-1.0,-1.0
output:1391,-1,-1.0,-1.0
output:1384,-1,-1.0,-1.0
output:1385,-1,-1.0,-1.0
output:1386,-1,-1.0,-1.0
output:1387,-1,-1.0,-1.0
output:1380,-1,-1.0,-1.0
output:1381,-1,-1.0,-1.0
output:1382,-1,-1.0,-1.0
output:1383,-1,-1.0,-1.0
output:1376,-1,-1.0,-1.0
output:1377,-1,-1.0,-1.0
output:1378,-1,-1.0,-1.0
output:1379,-1,-1.0,-1.0
output:1307,-1,-1.0,-1.0
output:1306,-1,-1.0,-1.0
output:1305,-1,-1.0,-1.0
output:1304,-1,-1.0,-1.0
output:1311,-1,-1.0,-1.0
output:1310,-1,-1.0,-1.0
output:1309,-1,-1.0,-1.0
output:1308,-1,-1.0,-1.0
output:1299,-1,-1.0,-1.0
output:1298,-1,-1.0,-1.0
output:1297,-1,-1.0,-1.0
output:1296,-1,-1.0,-1.0
output:1303,-1,-1.0,-1.0
output:1302,-1,-1.0,-1.0
output:1301,-1,-1.0,-1.0
output:1300,-1,-1.0,-1.0
output:1290,-1,-1.0,-1.0
output:1291,-1,-1.0,-1.0
output:1288,-1,-1.0,-1.0
output:1289,-1,-1.0,-1.0
output:1294,-1,-1.0,-1.0
output:1295,-1,-1.0,-1.0
output:1292,-1,-1.0,-1.0
output:1293,-1,-1.0,-1.0
output:1282,-1,-1.0,-1.0
output:1283,-1,-1.0,-1.0
output:1280,-1,-1.0,-1.0
output:1281,-1,-1.0,-1.0
output:1286,-1,-1.0,-1.0
output:1287,-1,-1.0,-1.0
output:1284,-1,-1.0,-1.0
output:1285,-1,-1.0,-1.0
output:1337,-1,-1.0,-1.0
output:1336,-1,-1.0,-1.0
output:1339,-1,-1.0,-1.0
output:1338,-1,-1.0,-1.0
output:1341,-1,-1.0,-1.0
output:1340,-1,-1.0,-1.0
output:1343,-1,-1.0,-1.0
output:1342,-1,-1.0,-1.0
output:1329,-1,-1.0,-1.0
output:1328,-1,-1.0,-1.0
output:1331,-1,-1.0,-1.0
output:1330,-1,-1.0,-1.0
output:1333,-1,-1.0,-1.0
output:1332,-1,-1.0,-1.0
output:1335,-1,-1.0,-1.0
output:1334,-1,-1.0,-1.0
output:1320,-1,-1.0,-1.0
output:1321,-1,-1.0,-1.0
output:1322,-1,-1.0,-1.0
output:1323,-1,-1.0,-1.0
output:1324,-1,-1.0,-1.0
output:1325,-1,-1.0,-1.0
output:1326,-1,-1.0,-1.0
output:1327,-1,-1.0,-1.0
output:1312,-1,-1.0,-1.0
output:1313,-1,-1.0,-1.0
output:1314,-1,-1.0,-1.0
output:1315,-1,-1.0,-1.0
output:1316,-1,-1.0,-1.0
output:1317,-1,-1.0,-1.0
output:1318,-1,-1.0,-1.0
output:1319,-1,-1.0,-1.0
output:1494,-1,-1.0,-1.0
output:1495,-1,-1.0,-1.0
output:1492,-1,-1.0,-1.0
output:1493,-1,-1.0,-1.0
output:1490,-1,-1.0,-1.0
output:1491,-1,-1.0,-1.0
output:1488,-1,-1.0,-1.0
output:1489,-1,-1.0,-1.0
output:1502,-1,-1.0,-1.0
output:1503,-1,-1.0,-1.0
output:1500,-1,-1.0,-1.0
output:1501,-1,-1.0,-1.0
output:1498,-1,-1.0,-1.0
output:1499,-1,-1.0,-1.0
output:1496,-1,-1.0,-1.0
output:1497,-1,-1.0,-1.0
output:1479,-1,-1.0,-1.0
output:1478,-1,-1.0,-1.0
output:1477,-1,-1.0,-1.0
output:1476,-1,-1.0,-1.0
output:1475,-1,-1.0,-1.0
output:1474,-1,-1.0,-1.0
output:1473,-1,-1.0,-1.0
output:1472,-1,-1.0,-1.0
output:1487,-1,-1.0,-1.0
output:1486,-1,-1.0,-1.0
output:1485,-1,-1.0,-1.0
output:1484,-1,-1.0,-1.0
output:1483,-1,-1.0,-1.0
output:1482,-1,-1.0,-1.0
output:1481,-1,-1.0,-1.0
output:1480,-1,-1.0,-1.0
output:1524,-1,-1.0,-1.0
output:1525,-1,-1.0,-1.0
output:1526,-1,-1.0,-1.0
output:1527,-1,-1.0,-1.0
output:1520,-1,-1.0,-1.0
output:1521,-1,-1.0,-1.0
output:1522,-1,-1.0,-1.0
output:1523,-1,-1.0,-1.0
output:1532,-1,-1.0,-1.0
output:1533,-1,-1.0,-1.0
output:1534,-1,-1.0,-1.0
output:1535,-1,-1.0,-1.0
output:1528,-1,-1.0,-1.0
output:1529,-1,-1.0,-1.0
output:1530,-1,-1.0,-1.0
output:1531,-1,-1.0,-1.0
output:1509,-1,-1.0,-1.0
output:1508,-1,-1.0,-1.0
output:1511,-1,-1.0,-1.0
output:1510,-1,-1.0,-1.0
output:1505,-1,-1.0,-1.0
output:1504,-1,-1.0,-1.0
output:1507,-1,-1.0,-1.0
output:1506,-1,-1.0,-1.0
output:1517,-1,-1.0,-1.0
output:1516,-1,-1.0,-1.0
output:1519,-1,-1.0,-1.0
output:1518,-1,-1.0,-1.0
output:1513,-1,-1.0,-1.0
output:1512,-1,-1.0,-1.0
output:1515,-1,-1.0,-1.0
output:1514,-1,-1.0,-1.0
output:1426,-1,-1.0,-1.0
output:1427,-1,-1.0,-1.0
output:1424,-1,-1.0,-1.0
output:1425,-1,-1.0,-1.0
output:1430,-1,-1.0,-1.0
output:1431,-1,-1.0,-1.0
output:1428,-1,-1.0,-1.0
output:1429,-1,-1.0,-1.0
output:1434,-1,-1.0,-1.0
output:1435,8,19.687761671365823,-1.0
output:1448,8,15.788573576961241,19.687761671365823
output:1436,8,-1.0,15.788573576961241
output:1446,8,-1.0,15.788573576961241
output:1432,-1,-1.0,-1.0
output:1433,-1,-1.0,-1.0
output:1438,-1,-1.0,-1.0
output:1439,9,4.180716954204545,-1.0
output:1444,9,6.271075220602342,4.180716954204545
output:1445,9,0.2261148960060031,4.180716954204545
output:1440,9,0.024106624862869106,0.2261148960060031
output:1441,9,0.011119492794399348,0.024106624862869106
output:1451,9,0.011119492794399348,0.011119492794399348
output:1450,9,0.011119492794399348,0.011119492794399348
output:1452,9,0.011119492794399348,0.011119492794399348
output:1437,-1,-1.0,-1.0
output:1411,-1,-1.0,-1.0
output:1410,-1,-1.0,-1.0
output:1409,-1,-1.0,-1.0
output:1408,-1,-1.0,-1.0
output:1415,-1,-1.0,-1.0
output:1414,-1,-1.0,-1.0
output:1413,-1,-1.0,-1.0
output:1412,-1,-1.0,-1.0
output:1419,-1,-1.0,-1.0
output:1418,-1,-1.0,-1.0
output:1417,-1,-1.0,-1.0
output:1416,-1,-1.0,-1.0
output:1423,-1,-1.0,-1.0
output:1422,-1,-1.0,-1.0
output:1421,-1,-1.0,-1.0
output:1420,-1,-1.0,-1.0
output:1456,-1,-1.0,-1.0
output:1457,-1,-1.0,-1.0
output:1458,-1,-1.0,-1.0
output:1459,-1,-1.0,-1.0
output:1460,-1,-1.0,-1.0
output:1461,-1,-1.0,-1.0
output:1462,-1,-1.0,-1.0
output:1463,-1,-1.0,-1.0
output:1464,-1,-1.0,-1.0
output:1465,-1,-1.0,-1.0
output:1466,-1,-1.0,-1.0
output:1467,-1,-1.0,-1.0
output:1468,-1,-1.0,-1.0
output:1469,-1,-1.0,-1.0
output:1470,-1,-1.0,-1.0
output:1471,-1,-1.0,-1.0
output:1443,-1,-1.0,-1.0
output:1442,-1,-1.0,-1.0
output:1447,-1,-1.0,-1.0
output:1449,-1,-1.0,-1.0
output:1453,-1,-1.0,-1.0
output:1455,-1,-1.0,-1.0
output:1454,-1,-1.0,-1.0
output:1642,-1,-1.0,-1.0
output:1643,-1,-1.0,-1.0
output:1640,-1,-1.0,-1.0
output:1641,-1,-1.0,-1.0
output:1646,-1,-1.0,-1.0
output:1647,-1,-1.0,-1.0
output:1644,-1,-1.0,-1.0
output:1645,-1,-1.0,-1.0
output:1634,-1,-1.0,-1.0
output:1635,-1,-1.0,-1.0
output:1632,-1,-1.0,-1.0
output:1633,-1,-1.0,-1.0
output:1638,-1,-1.0,-1.0
output:1639,-1,-1.0,-1.0
output:1636,-1,-1.0,-1.0
output:1637,-1,-1.0,-1.0
output:1659,10,7.351033991099257,-1.0
output:1661,10,7.344488909774451,7.351033991099257
output:1662,10,7.343198588376995,7.344488909774451
output:1664,10,7.351033991099257,7.343198588376995
output:1660,10,7.489737349067337,7.427313471598935
output:1663,10,11.561727299864703,11.505106824563374
output:1658,-1,-1.0,-1.0
output:1657,-1,-1.0,-1.0
output:1656,-1,-1.0,-1.0
output:1651,-1,-1.0,-1.0
output:1650,-1,-1.0,-1.0
output:1649,-1,-1.0,-1.0
output:1648,-1,-1.0,-1.0
output:1655,-1,-1.0,-1.0
output:1654,-1,-1.0,-1.0
output:1653,-1,-1.0,-1.0
output:1652,-1,-1.0,-1.0
output:1608,-1,-1.0,-1.0
output:1609,-1,-1.0,-1.0
output:1610,-1,-1.0,-1.0
output:1611,-1,-1.0,-1.0
output:1612,-1,-1.0,-1.0
output:1613,-1,-1.0,-1.0
output:1614,-1,-1.0,-1.0
output:1615,-1,-1.0,-1.0
output:1600,-1,-1.0,-1.0
output:1601,-1,-1.0,-1.0
output:1602,-1,-1.0,-1.0
output:1603,-1,-1.0,-1.0
output:1604,-1,-1.0,-1.0
output:1605,-1,-1.0,-1.0
output:1606,-1,-1.0,-1.0
output:1607,-1,-1.0,-1.0
output:1625,-1,-1.0,-1.0
output:1624,-1,-1.0,-1.0
output:1627,-1,-1.0,-1.0
output:1626,-1,-1.0,-1.0
output:1629,-1,-1.0,-1.0
output:1628,-1,-1.0,-1.0
output:1631,-1,-1.0,-1.0
output:1630,-1,-1.0,-1.0
output:1617,-1,-1.0,-1.0
output:1616,-1,-1.0,-1.0
output:1619,-1,-1.0,-1.0
output:1618,-1,-1.0,-1.0
output:1621,-1,-1.0,-1.0
output:1620,-1,-1.0,-1.0
output:1623,-1,-1.0,-1.0
output:1622,-1,-1.0,-1.0
output:1582,-1,-1.0,-1.0
output:1583,-1,-1.0,-1.0
output:1580,-1,-1.0,-1.0
output:1581,-1,-1.0,-1.0
output:1578,-1,-1.0,-1.0
output:1579,-1,-1.0,-1.0
output:1576,-1,-1.0,-1.0
output:1577,-1,-1.0,-1.0
output:1574,-1,-1.0,-1.0
output:1575,-1,-1.0,-1.0
output:1572,-1,-1.0,-1.0
output:1573,-1,-1.0,-1.0
output:1570,-1,-1.0,-1.0
output:1571,-1,-1.0,-1.0
output:1568,-1,-1.0,-1.0
output:1569,-1,-1.0,-1.0
output:1599,-1,-1.0,-1.0
output:1598,-1,-1.0,-1.0
output:1597,-1,-1.0,-1.0
output:1596,-1,-1.0,-1.0
output:1595,-1,-1.0,-1.0
output:1594,-1,-1.0,-1.0
output:1593,-1,-1.0,-1.0
output:1592,-1,-1.0,-1.0
output:1591,-1,-1.0,-1.0
output:1590,-1,-1.0,-1.0
output:1589,-1,-1.0,-1.0
output:1588,-1,-1.0,-1.0
output:1587,-1,-1.0,-1.0
output:1586,-1,-1.0,-1.0
output:1585,-1,-1.0,-1.0
output:1584,-1,-1.0,-1.0
output:1548,-1,-1.0,-1.0
output:1549,-1,-1.0,-1.0
output:1550,-1,-1.0,-1.0
output:1551,-1,-1.0,-1.0
output:1544,-1,-1.0,-1.0
output:1545,-1,-1.0,-1.0
output:1546,-1,-1.0,-1.0
output:1547,-1,-1.0,-1.0
output:1540,-1,-1.0,-1.0
output:1541,-1,-1.0,-1.0
output:1542,-1,-1.0,-1.0
output:1543,-1,-1.0,-1.0
output:1536,-1,-1.0,-1.0
output:1537,-1,-1.0,-1.0
output:1538,-1,-1.0,-1.0
output:1539,-1,-1.0,-1.0
output:1565,-1,-1.0,-1.0
output:1564,-1,-1.0,-1.0
output:1567,-1,-1.0,-1.0
output:1566,-1,-1.0,-1.0
output:1561,-1,-1.0,-1.0
output:1560,-1,-1.0,-1.0
output:1563,-1,-1.0,-1.0
output:1562,-1,-1.0,-1.0
output:1557,-1,-1.0,-1.0
output:1556,-1,-1.0,-1.0
output:1559,-1,-1.0,-1.0
output:1558,-1,-1.0,-1.0
output:1553,-1,-1.0,-1.0
output:1552,-1,-1.0,-1.0
output:1555,-1,-1.0,-1.0
output:1554,-1,-1.0,-1.0
output:1763,-1,-1.0,-1.0
output:1762,-1,-1.0,-1.0
output:1761,-1,-1.0,-1.0
output:1760,-1,-1.0,-1.0
output:1767,-1,-1.0,-1.0
output:1766,-1,-1.0,-1.0
output:1765,-1,-1.0,-1.0
output:1764,-1,-1.0,-1.0
output:1771,-1,-1.0,-1.0
output:1770,-1,-1.0,-1.0
output:1769,-1,-1.0,-1.0
output:1768,-1,-1.0,-1.0
output:1775,-1,-1.0,-1.0
output:1774,-1,-1.0,-1.0
output:1773,-1,-1.0,-1.0
output:1772,-1,-1.0,-1.0
output:1778,-1,-1.0,-1.0
output:1779,-1,-1.0,-1.0
output:1776,-1,-1.0,-1.0
output:1777,-1,-1.0,-1.0
output:1782,-1,-1.0,-1.0
output:1783,-1,-1.0,-1.0
output:1780,-1,-1.0,-1.0
output:1781,-1,-1.0,-1.0
output:1786,-1,-1.0,-1.0
output:1787,-1,-1.0,-1.0
output:1784,-1,-1.0,-1.0
output:1785,-1,-1.0,-1.0
output:1790,-1,-1.0,-1.0
output:1791,-1,-1.0,-1.0
output:1788,-1,-1.0,-1.0
output:1789,-1,-1.0,-1.0
output:1729,-1,-1.0,-1.0
output:1728,-1,-1.0,-1.0
output:1731,-1,-1.0,-1.0
output:1730,-1,-1.0,-1.0
output:1733,-1,-1.0,-1.0
output:1732,-1,-1.0,-1.0
output:1735,-1,-1.0,-1.0
output:1734,-1,-1.0,-1.0
output:1737,-1,-1.0,-1.0
output:1736,-1,-1.0,-1.0
output:1739,-1,-1.0,-1.0
output:1738,-1,-1.0,-1.0
output:1741,-1,-1.0,-1.0
output:1740,-1,-1.0,-1.0
output:1743,-1,-1.0,-1.0
output:1742,-1,-1.0,-1.0
output:1744,-1,-1.0,-1.0
output:1745,-1,-1.0,-1.0
output:1746,-1,-1.0,-1.0
output:1747,-1,-1.0,-1.0
output:1748,-1,-1.0,-1.0
output:1749,-1,-1.0,-1.0
output:1750,-1,-1.0,-1.0
output:1751,-1,-1.0,-1.0
output:1752,-1,-1.0,-1.0
output:1753,-1,-1.0,-1.0
output:1754,-1,-1.0,-1.0
output:1755,-1,-1.0,-1.0
output:1756,-1,-1.0,-1.0
output:1757,-1,-1.0,-1.0
output:1758,-1,-1.0,-1.0
output:1759,-1,-1.0,-1.0
output:1703,-1,-1.0,-1.0
output:1702,-1,-1.0,-1.0
output:1701,-1,-1.0,-1.0
output:1700,-1,-1.0,-1.0
output:1699,-1,-1.0,-1.0
output:1698,-1,-1.0,-1.0
output:1697,-1,-1.0,-1.0
output:1696,-1,-1.0,-1.0
output:1711,-1,-1.0,-1.0
output:1710,-1,-1.0,-1.0
output:1709,-1,-1.0,-1.0
output:1708,-1,-1.0,-1.0
output:1707,-1,-1.0,-1.0
output:1706,-1,-1.0,-1.0
output:1705,-1,-1.0,-1.0
output:1704,-1,-1.0,-1.0
output:1718,-1,-1.0,-1.0
output:1719,-1,-1.0,-1.0
output:1716,-1,-1.0,-1.0
output:1717,-1,-1.0,-1.0
output:1714,-1,-1.0,-1.0
output:1715,-1,-1.0,-1.0
output:1712,-1,-1.0,-1.0
output:1713,-1,-1.0,-1.0
output:1726,-1,-1.0,-1.0
output:1727,-1,-1.0,-1.0
output:1724,-1,-1.0,-1.0
output:1725,-1,-1.0,-1.0
output:1722,-1,-1.0,-1.0
output:1723,-1,-1.0,-1.0
output:1720,-1,-1.0,-1.0
output:1721,-1,-1.0,-1.0
output:1669,-1,-1.0,-1.0
output:1668,-1,-1.0,-1.0
output:1671,-1,-1.0,-1.0
output:1670,-1,-1.0,-1.0
output:1665,-1,-1.0,-1.0
output:1667,-1,-1.0,-1.0
output:1666,-1,-1.0,-1.0
output:1677,-1,-1.0,-1.0
output:1676,-1,-1.0,-1.0
output:1679,-1,-1.0,-1.0
output:1678,-1,-1.0,-1.0
output:1673,-1,-1.0,-1.0
output:1672,-1,-1.0,-1.0
output:1675,-1,-1.0,-1.0
output:1674,-1,-1.0,-1.0
output:1684,-1,-1.0,-1.0
output:1685,-1,-1.0,-1.0
output:1686,-1,-1.0,-1.0
output:1687,-1,-1.0,-1.0
output:1680,-1,-1.0,-1.0
output:1681,-1,-1.0,-1.0
output:1682,-1,-1.0,-1.0
output:1683,-1,-1.0,-1.0
output:1692,-1,-1.0,-1.0
output:1693,-1,-1.0,-1.0
output:1694,-1,-1.0,-1.0
output:1695,-1,-1.0,-1.0
output:1688,-1,-1.0,-1.0
output:1689,-1,-1.0,-1.0
output:1690,-1,-1.0,-1.0
output:1691,-1,-1.0,-1.0
output:1913,-1,-1.0,-1.0
output:1912,-1,-1.0,-1.0
output:1915,-1,-1.0,-1.0
output:1914,-1,-1.0,-1.0
output:1917,-1,-1.0,-1.0
output:1916,-1,-1.0,-1.0
output:1919,-1,-1.0,-1.0
output:1918,-1,-1.0,-1.0
output:1905,-1,-1.0,-1.0
output:1904,-1,-1.0,-1.0
output:1907,-1,-1.0,-1.0
output:1906,-1,-1.0,-1.0
output:1909,-1,-1.0,-1.0
output:1908,-1,-1.0,-1.0
output:1911,-1,-1.0,-1.0
output:1910,-1,-1.0,-1.0
output:1896,-1,-1.0,-1.0
output:1897,-1,-1.0,-1.0
output:1898,-1,-1.0,-1.0
output:1899,-1,-1.0,-1.0
output:1900,-1,-1.0,-1.0
output:1901,-1,-1.0,-1.0
output:1902,-1,-1.0,-1.0
output:1903,-1,-1.0,-1.0
output:1888,-1,-1.0,-1.0
output:1889,-1,-1.0,-1.0
output:1890,-1,-1.0,-1.0
output:1891,-1,-1.0,-1.0
output:1892,-1,-1.0,-1.0
output:1893,-1,-1.0,-1.0
output:1894,-1,-1.0,-1.0
output:1895,-1,-1.0,-1.0
output:1883,-1,-1.0,-1.0
output:1882,-1,-1.0,-1.0
output:1881,-1,-1.0,-1.0
output:1880,-1,-1.0,-1.0
output:1887,-1,-1.0,-1.0
output:1886,-1,-1.0,-1.0
output:1885,-1,-1.0,-1.0
output:1884,-1,-1.0,-1.0
output:1875,-1,-1.0,-1.0
output:1874,-1,-1.0,-1.0
output:1873,-1,-1.0,-1.0
output:1872,-1,-1.0,-1.0
output:1879,-1,-1.0,-1.0
output:1878,-1,-1.0,-1.0
output:1877,-1,-1.0,-1.0
output:1876,-1,-1.0,-1.0
output:1866,-1,-1.0,-1.0
output:1867,-1,-1.0,-1.0
output:1864,-1,-1.0,-1.0
output:1865,-1,-1.0,-1.0
output:1870,-1,-1.0,-1.0
output:1871,-1,-1.0,-1.0
output:1868,-1,-1.0,-1.0
output:1869,-1,-1.0,-1.0
output:1858,-1,-1.0,-1.0
output:1859,-1,-1.0,-1.0
output:1856,-1,-1.0,-1.0
output:1857,-1,-1.0,-1.0
output:1862,-1,-1.0,-1.0
output:1863,-1,-1.0,-1.0
output:1860,-1,-1.0,-1.0
output:1861,-1,-1.0,-1.0
output:1853,-1,-1.0,-1.0
output:1852,-1,-1.0,-1.0
output:1855,-1,-1.0,-1.0
output:1854,-1,-1.0,-1.0
output:1849,-1,-1.0,-1.0
output:1848,-1,-1.0,-1.0
output:1851,-1,-1.0,-1.0
output:1850,-1,-1.0,-1.0
output:1845,-1,-1.0,-1.0
output:1844,-1,-1.0,-1.0
output:1847,-1,-1.0,-1.0
output:1846,-1,-1.0,-1.0
output:1841,-1,-1.0,-1.0
output:1840,-1,-1.0,-1.0
output:1843,-1,-1.0,-1.0
output:1842,-1,-1.0,-1.0
output:1836,-1,-1.0,-1.0
output:1837,-1,-1.0,-1.0
output:1838,-1,-1.0,-1.0
output:1839,-1,-1.0,-1.0
output:1832,-1,-1.0,-1.0
output:1833,-1,-1.0,-1.0
output:1834,-1,-1.0,-1.0
output:1835,-1,-1.0,-1.0
output:1828,-1,-1.0,-1.0
output:1829,-1,-1.0,-1.0
output:1830,-1,-1.0,-1.0
output:1831,-1,-1.0,-1.0
output:1824,-1,-1.0,-1.0
output:1825,-1,-1.0,-1.0
output:1826,-1,-1.0,-1.0
output:1827,-1,-1.0,-1.0
output:1823,-1,-1.0,-1.0
output:1822,-1,-1.0,-1.0
output:1821,-1,-1.0,-1.0
output:1820,-1,-1.0,-1.0
output:1819,-1,-1.0,-1.0
output:1818,-1,-1.0,-1.0
output:1817,-1,-1.0,-1.0
output:1816,-1,-1.0,-1.0
output:1815,-1,-1.0,-1.0
output:1814,-1,-1.0,-1.0
output:1813,-1,-1.0,-1.0
output:1812,-1,-1.0,-1.0
output:1811,-1,-1.0,-1.0
output:1810,-1,-1.0,-1.0
output:1809,-1,-1.0,-1.0
output:1808,-1,-1.0,-1.0
output:1806,-1,-1.0,-1.0
output:1807,-1,-1.0,-1.0
output:1804,-1,-1.0,-1.0
output:1805,-1,-1.0,-1.0
output:1802,-1,-1.0,-1.0
output:1803,-1,-1.0,-1.0
output:1800,-1,-1.0,-1.0
output:1801,-1,-1.0,-1.0
output:1798,-1,-1.0,-1.0
output:1799,-1,-1.0,-1.0
output:1796,-1,-1.0,-1.0
output:1797,-1,-1.0,-1.0
output:1794,-1,-1.0,-1.0
output:1795,-1,-1.0,-1.0
output:1792,-1,-1.0,-1.0
output:1793,-1,-1.0,-1.0
output:2032,-1,-1.0,-1.0
output:2033,-1,-1.0,-1.0
output:2034,-1,-1.0,-1.0
output:2035,-1,-1.0,-1.0
output:2036,-1,-1.0,-1.0
output:2037,-1,-1.0,-1.0
output:2038,-1,-1.0,-1.0
output:2039,-1,-1.0,-1.0
output:2040,-1,-1.0,-1.0
output:2041,-1,-1.0,-1.0
output:2042,-1,-1.0,-1.0
output:2043,-1,-1.0,-1.0
output:2044,-1,-1.0,-1.0
output:2045,-1,-1.0,-1.0
output:2046,-1,-1.0,-1.0
output:2047,-1,-1.0,-1.0
output:2017,-1,-1.0,-1.0
output:2016,-1,-1.0,-1.0
output:2019,-1,-1.0,-1.0
output:2018,-1,-1.0,-1.0
output:2021,-1,-1.0,-1.0
output:2020,-1,-1.0,-1.0
output:2023,-1,-1.0,-1.0
output:2022,-1,-1.0,-1.0
output:2025,-1,-1.0,-1.0
output:2024,-1,-1.0,-1.0
output:2027,-1,-1.0,-1.0
output:2026,-1,-1.0,-1.0
output:2029,-1,-1.0,-1.0
output:2028,-1,-1.0,-1.0
output:2031,-1,-1.0,-1.0
output:2030,-1,-1.0,-1.0
output:2002,-1,-1.0,-1.0
output:2003,-1,-1.0,-1.0
output:2000,-1,-1.0,-1.0
output:2001,-1,-1.0,-1.0
output:2006,-1,-1.0,-1.0
output:2007,-1,-1.0,-1.0
output:2004,-1,-1.0,-1.0
output:2005,-1,-1.0,-1.0
output:2010,-1,-1.0,-1.0
output:2011,-1,-1.0,-1.0
output:2008,-1,-1.0,-1.0
output:2009,-1,-1.0,-1.0
output:2014,-1,-1.0,-1.0
output:2015,-1,-1.0,-1.0
output:2012,-1,-1.0,-1.0
output:2013,-1,-1.0,-1.0
output:1987,-1,-1.0,-1.0
output:1986,-1,-1.0,-1.0
output:1985,-1,-1.0,-1.0
output:1984,-1,-1.0,-1.0
output:1991,-1,-1.0,-1.0
output:1990,-1,-1.0,-1.0
output:1989,-1,-1.0,-1.0
output:1988,-1,-1.0,-1.0
output:1995,-1,-1.0,-1.0
output:1994,-1,-1.0,-1.0
output:1993,-1,-1.0,-1.0
output:1992,-1,-1.0,-1.0
output:1999,-1,-1.0,-1.0
output:1998,-1,-1.0,-1.0
output:1997,-1,-1.0,-1.0
output:1996,-1,-1.0,-1.0
output:1972,-1,-1.0,-1.0
output:1973,-1,-1.0,-1.0
output:1974,-1,-1.0,-1.0
output:1975,-1,-1.0,-1.0
output:1968,-1,-1.0,-1.0
output:1969,-1,-1.0,-1.0
output:1970,-1,-1.0,-1.0
output:1971,-1,-1.0,-1.0
output:1980,-1,-1.0,-1.0
output:1981,-1,-1.0,-1.0
output:1982,-1,-1.0,-1.0
output:1983,-1,-1.0,-1.0
output:1976,-1,-1.0,-1.0
output:1977,-1,-1.0,-1.0
output:1978,-1,-1.0,-1.0
output:1979,-1,-1.0,-1.0
output:1957,-1,-1.0,-1.0
output:1956,-1,-1.0,-1.0
output:1959,-1,-1.0,-1.0
output:1958,-1,-1.0,-1.0
output:1953,-1,-1.0,-1.0
output:1952,-1,-1.0,-1.0
output:1955,-1,-1.0,-1.0
output:1954,-1,-1.0,-1.0
output:1965,-1,-1.0,-1.0
output:1964,-1,-1.0,-1.0
output:1967,-1,-1.0,-1.0
output:1966,-1,-1.0,-1.0
output:1961,-1,-1.0,-1.0
output:1960,-1,-1.0,-1.0
output:1963,-1,-1.0,-1.0
output:1962,-1,-1.0,-1.0
output:1942,-1,-1.0,-1.0
output:1943,-1,-1.0,-1.0
output:1940,-1,-1.0,-1.0
output:1941,-1,-1.0,-1.0
output:1938,-1,-1.0,-1.0
output:1939,-1,-1.0,-1.0
output:1936,-1,-1.0,-1.0
output:1937,-1,-1.0,-1.0
output:1950,-1,-1.0,-1.0
output:1951,-1,-1.0,-1.0
output:1948,-1,-1.0,-1.0
output:1949,-1,-1.0,-1.0
output:1946,-1,-1.0,-1.0
output:1947,-1,-1.0,-1.0
output:1944,-1,-1.0,-1.0
output:1945,-1,-1.0,-1.0
output:1927,-1,-1.0,-1.0
output:1926,-1,-1.0,-1.0
output:1925,-1,-1.0,-1.0
output:1924,-1,-1.0,-1.0
output:1923,-1,-1.0,-1.0
output:1922,-1,-1.0,-1.0
output:1921,-1,-1.0,-1.0
output:1920,-1,-1.0,-1.0
output:1935,-1,-1.0,-1.0
output:1934,-1,-1.0,-1.0
output:1933,-1,-1.0,-1.0
output:1932,-1,-1.0,-1.0
output:1931,-1,-1.0,-1.0
output:1930,-1,-1.0,-1.0
output:1929,-1,-1.0,-1.0
output:1928,-1,-1.0,-1.0
output:2200,-1,-1.0,-1.0
output:2201,-1,-1.0,-1.0
output:2202,-1,-1.0,-1.0
output:2203,-1,-1.0,-1.0
output:2204,-1,-1.0,-1.0
output:2205,-1,-1.0,-1.0
output:2206,-1,-1.0,-1.0
output:2207,-1,-1.0,-1.0
output:2192,-1,-1.0,-1.0
output:2193,-1,-1.0,-1.0
output:2194,-1,-1.0,-1.0
output:2195,-1,-1.0,-1.0
output:2196,-1,-1.0,-1.0
output:2197,-1,-1.0,-1.0
output:2198,-1,-1.0,-1.0
output:2199,-1,-1.0,-1.0
output:2185,-1,-1.0,-1.0
output:2184,-1,-1.0,-1.0
output:2187,-1,-1.0,-1.0
output:2186,-1,-1.0,-1.0
output:2189,-1,-1.0,-1.0
output:2188,-1,-1.0,-1.0
output:2191,-1,-1.0,-1.0
output:2190,-1,-1.0,-1.0
output:2177,-1,-1.0,-1.0
output:2176,-1,-1.0,-1.0
output:2179,-1,-1.0,-1.0
output:2178,-1,-1.0,-1.0
output:2181,-1,-1.0,-1.0
output:2180,-1,-1.0,-1.0
output:2183,-1,-1.0,-1.0
output:2182,-1,-1.0,-1.0
output:2234,-1,-1.0,-1.0
output:2235,-1,-1.0,-1.0
output:2232,-1,-1.0,-1.0
output:2233,-1,-1.0,-1.0
output:2238,-1,-1.0,-1.0
output:2239,-1,-1.0,-1.0
output:2236,-1,-1.0,-1.0
output:2237,-1,-1.0,-1.0
output:2226,-1,-1.0,-1.0
output:2227,-1,-1.0,-1.0
output:2224,-1,-1.0,-1.0
output:2225,-1,-1.0,-1.0
output:2230,-1,-1.0,-1.0
output:2231,-1,-1.0,-1.0
output:2228,-1,-1.0,-1.0
output:2229,-1,-1.0,-1.0
output:2219,-1,-1.0,-1.0
output:2218,-1,-1.0,-1.0
output:2217,-1,-1.0,-1.0
output:2216,-1,-1.0,-1.0
output:2223,-1,-1.0,-1.0
output:2222,-1,-1.0,-1.0
output:2221,-1,-1.0,-1.0
output:2220,-1,-1.0,-1.0
output:2211,-1,-1.0,-1.0
output:2210,-1,-1.0,-1.0
output:2209,-1,-1.0,-1.0
output:2208,-1,-1.0,-1.0
output:2215,-1,-1.0,-1.0
output:2214,-1,-1.0,-1.0
output:2213,-1,-1.0,-1.0
output:2212,-1,-1.0,-1.0
output:2268,-1,-1.0,-1.0
output:2269,-1,-1.0,-1.0
output:2270,-1,-1.0,-1.0
output:2271,-1,-1.0,-1.0
output:2264,-1,-1.0,-1.0
output:2265,-1,-1.0,-1.0
output:2266,-1,-1.0,-1.0
output:2267,-1,-1.0,-1.0
output:2260,-1,-1.0,-1.0
output:2261,-1,-1.0,-1.0
output:2262,-1,-1.0,-1.0
output:2263,-1,-1.0,-1.0
output:2256,-1,-1.0,-1.0
output:2257,-1,-1.0,-1.0
output:2258,-1,-1.0,-1.0
output:2259,-1,-1.0,-1.0
output:2253,-1,-1.0,-1.0
output:2252,-1,-1.0,-1.0
output:2255,-1,-1.0,-1.0
output:2254,-1,-1.0,-1.0
output:2249,-1,-1.0,-1.0
output:2248,-1,-1.0,-1.0
output:2251,-1,-1.0,-1.0
output:2250,-1,-1.0,-1.0
output:2245,-1,-1.0,-1.0
output:2244,-1,-1.0,-1.0
output:2247,-1,-1.0,-1.0
output:2246,-1,-1.0,-1.0
output:2241,-1,-1.0,-1.0
output:2240,-1,-1.0,-1.0
output:2243,-1,-1.0,-1.0
output:2242,-1,-1.0,-1.0
output:2302,-1,-1.0,-1.0
output:2303,-1,-1.0,-1.0
output:2300,-1,-1.0,-1.0
output:2301,-1,-1.0,-1.0
output:2298,-1,-1.0,-1.0
output:2299,-1,-1.0,-1.0
output:2296,-1,-1.0,-1.0
output:2297,-1,-1.0,-1.0
output:2294,-1,-1.0,-1.0
output:2295,-1,-1.0,-1.0
output:2292,-1,-1.0,-1.0
output:2293,-1,-1.0,-1.0
output:2290,-1,-1.0,-1.0
output:2291,-1,-1.0,-1.0
output:2288,-1,-1.0,-1.0
output:2289,-1,-1.0,-1.0
output:2287,-1,-1.0,-1.0
output:2286,-1,-1.0,-1.0
output:2285,-1,-1.0,-1.0
output:2284,-1,-1.0,-1.0
output:2283,-1,-1.0,-1.0
output:2282,-1,-1.0,-1.0
output:2281,-1,-1.0,-1.0
output:2280,-1,-1.0,-1.0
output:2279,-1,-1.0,-1.0
output:2278,-1,-1.0,-1.0
output:2277,-1,-1.0,-1.0
output:2276,-1,-1.0,-1.0
output:2275,-1,-1.0,-1.0
output:2274,-1,-1.0,-1.0
output:2273,-1,-1.0,-1.0
output:2272,-1,-1.0,-1.0
output:2065,-1,-1.0,-1.0
output:2064,-1,-1.0,-1.0
output:2067,-1,-1.0,-1.0
output:2066,-1,-1.0,-1.0
output:2069,-1,-1.0,-1.0
output:2068,-1,-1.0,-1.0
output:2071,-1,-1.0,-1.0
output:2070,-1,-1.0,-1.0
output:2073,-1,-1.0,-1.0
output:2072,-1,-1.0,-1.0
output:2075,-1,-1.0,-1.0
output:2074,-1,-1.0,-1.0
output:2077,-1,-1.0,-1.0
output:2076,-1,-1.0,-1.0
output:2079,-1,-1.0,-1.0
output:2078,-1,-1.0,-1.0
output:2048,-1,-1.0,-1.0
output:2049,-1,-1.0,-1.0
output:2050,-1,-1.0,-1.0
output:2051,-1,-1.0,-1.0
output:2052,-1,-1.0,-1.0
output:2053,-1,-1.0,-1.0
output:2054,-1,-1.0,-1.0
output:2055,-1,-1.0,-1.0
output:2056,-1,-1.0,-1.0
output:2057,-1,-1.0,-1.0
output:2058,-1,-1.0,-1.0
output:2059,-1,-1.0,-1.0
output:2060,-1,-1.0,-1.0
output:2061,-1,-1.0,-1.0
output:2062,-1,-1.0,-1.0
output:2063,-1,-1.0,-1.0
output:2099,-1,-1.0,-1.0
output:2098,-1,-1.0,-1.0
output:2097,-1,-1.0,-1.0
output:2096,-1,-1.0,-1.0
output:2103,-1,-1.0,-1.0
output:2102,-1,-1.0,-1.0
output:2101,-1,-1.0,-1.0
output:2100,-1,-1.0,-1.0
output:2107,-1,-1.0,-1.0
output:2105,-1,-1.0,-1.0
output:2104,-1,-1.0,-1.0
output:2111,-1,-1.0,-1.0
output:2110,-1,-1.0,-1.0
output:2109,-1,-1.0,-1.0
output:2108,-1,-1.0,-1.0
output:2082,-1,-1.0,-1.0
output:2083,-1,-1.0,-1.0
output:2080,-1,-1.0,-1.0
output:2081,-1,-1.0,-1.0
output:2086,-1,-1.0,-1.0
output:2087,-1,-1.0,-1.0
output:2084,-1,-1.0,-1.0
output:2085,-1,-1.0,-1.0
output:2090,-1,-1.0,-1.0
output:2091,-1,-1.0,-1.0
output:2088,-1,-1.0,-1.0
output:2089,-1,-1.0,-1.0
output:2094,-1,-1.0,-1.0
output:2095,-1,-1.0,-1.0
output:2092,-1,-1.0,-1.0
output:2093,-1,-1.0,-1.0
output:2133,-1,-1.0,-1.0
output:2132,-1,-1.0,-1.0
output:2135,-1,-1.0,-1.0
output:2134,-1,-1.0,-1.0
output:2129,-1,-1.0,-1.0
output:2128,-1,-1.0,-1.0
output:2131,-1,-1.0,-1.0
output:2130,-1,-1.0,-1.0
output:2141,-1,-1.0,-1.0
output:2140,-1,-1.0,-1.0
output:2143,-1,-1.0,-1.0
output:2142,-1,-1.0,-1.0
output:2137,-1,-1.0,-1.0
output:2136,-1,-1.0,-1.0
output:2139,-1,-1.0,-1.0
output:2138,-1,-1.0,-1.0
output:2116,-1,-1.0,-1.0
output:2117,-1,-1.0,-1.0
output:2118,-1,-1.0,-1.0
output:2119,-1,-1.0,-1.0
output:2112,-1,-1.0,-1.0
output:2113,-1,-1.0,-1.0
output:2114,-1,-1.0,-1.0
output:2115,-1,-1.0,-1.0
output:2124,-1,-1.0,-1.0
output:2125,-1,-1.0,-1.0
output:2126,-1,-1.0,-1.0
output:2127,-1,-1.0,-1.0
output:2120,-1,-1.0,-1.0
output:2121,-1,-1.0,-1.0
output:2122,-1,-1.0,-1.0
output:2123,-1,-1.0,-1.0
output:2167,-1,-1.0,-1.0
output:2166,-1,-1.0,-1.0
output:2165,-1,-1.0,-1.0
output:2164,-1,-1.0,-1.0
output:2163,-1,-1.0,-1.0
output:2162,-1,-1.0,-1.0
output:2161,-1,-1.0,-1.0
output:2160,-1,-1.0,-1.0
output:2175,-1,-1.0,-1.0
output:2174,-1,-1.0,-1.0
output:2173,-1,-1.0,-1.0
output:2172,-1,-1.0,-1.0
output:2171,-1,-1.0,-1.0
output:2170,-1,-1.0,-1.0
output:2169,-1,-1.0,-1.0
output:2168,-1,-1.0,-1.0
output:2150,-1,-1.0,-1.0
output:2151,-1,-1.0,-1.0
output:2148,-1,-1.0,-1.0
output:2149,-1,-1.0,-1.0
output:2146,-1,-1.0,-1.0
output:2147,-1,-1.0,-1.0
output:2144,-1,-1.0,-1.0
output:2145,-1,-1.0,-1.0
output:2158,-1,-1.0,-1.0
output:2159,-1,-1.0,-1.0
output:2156,-1,-1.0,-1.0
output:2157,-1,-1.0,-1.0
output:2154,-1,-1.0,-1.0
output:2155,-1,-1.0,-1.0
output:2152,-1,-1.0,-1.0
output:2153,-1,-1.0,-1.0
output:2443,-1,-1.0,-1.0
output:2442,-1,-1.0,-1.0
output:2441,-1,-1.0,-1.0
output:2440,-1,-1.0,-1.0
output:2447,-1,-1.0,-1.0
output:2446,-1,-1.0,-1.0
output:2445,-1,-1.0,-1.0
output:2444,-1,-1.0,-1.0
output:2435,-1,-1.0,-1.0
output:2434,-1,-1.0,-1.0
output:2433,-1,-1.0,-1.0
output:2432,-1,-1.0,-1.0
output:2439,-1,-1.0,-1.0
output:2438,-1,-1.0,-1.0
output:2437,-1,-1.0,-1.0
output:2436,-1,-1.0,-1.0
output:2458,-1,-1.0,-1.0
output:2459,-1,-1.0,-1.0
output:2456,-1,-1.0,-1.0
output:2457,-1,-1.0,-1.0
output:2462,-1,-1.0,-1.0
output:2463,-1,-1.0,-1.0
output:2460,-1,-1.0,-1.0
output:2461,-1,-1.0,-1.0
output:2450,-1,-1.0,-1.0
output:2451,-1,-1.0,-1.0
output:2448,-1,-1.0,-1.0
output:2449,-1,-1.0,-1.0
output:2454,-1,-1.0,-1.0
output:2455,-1,-1.0,-1.0
output:2452,-1,-1.0,-1.0
output:2453,-1,-1.0,-1.0
output:2473,-1,-1.0,-1.0
output:2472,-1,-1.0,-1.0
output:2475,-1,-1.0,-1.0
output:2474,-1,-1.0,-1.0
output:2477,-1,-1.0,-1.0
output:2476,-1,-1.0,-1.0
output:2479,-1,-1.0,-1.0
output:2478,-1,-1.0,-1.0
output:2465,-1,-1.0,-1.0
output:2464,-1,-1.0,-1.0
output:2467,-1,-1.0,-1.0
output:2466,-1,-1.0,-1.0
output:2469,-1,-1.0,-1.0
output:2468,-1,-1.0,-1.0
output:2471,-1,-1.0,-1.0
output:2470,-1,-1.0,-1.0
output:2488,-1,-1.0,-1.0
output:2489,-1,-1.0,-1.0
output:2490,-1,-1.0,-1.0
output:2491,-1,-1.0,-1.0
output:2492,-1,-1.0,-1.0
output:2493,-1,-1.0,-1.0
output:2494,-1,-1.0,-1.0
output:2495,-1,-1.0,-1.0
output:2480,-1,-1.0,-1.0
output:2481,-1,-1.0,-1.0
output:2482,-1,-1.0,-1.0
output:2483,-1,-1.0,-1.0
output:2484,-1,-1.0,-1.0
output:2485,-1,-1.0,-1.0
output:2486,-1,-1.0,-1.0
output:2487,-1,-1.0,-1.0
output:2511,-1,-1.0,-1.0
output:2510,-1,-1.0,-1.0
output:2509,-1,-1.0,-1.0
output:2508,-1,-1.0,-1.0
output:2507,-1,-1.0,-1.0
output:2506,-1,-1.0,-1.0
output:2505,-1,-1.0,-1.0
output:2504,-1,-1.0,-1.0
output:2503,-1,-1.0,-1.0
output:2502,-1,-1.0,-1.0
output:2501,-1,-1.0,-1.0
output:2500,-1,-1.0,-1.0
output:2499,-1,-1.0,-1.0
output:2498,-1,-1.0,-1.0
output:2497,-1,-1.0,-1.0
output:2496,-1,-1.0,-1.0
output:2526,-1,-1.0,-1.0
output:2527,-1,-1.0,-1.0
output:2524,-1,-1.0,-1.0
output:2525,-1,-1.0,-1.0
output:2522,-1,-1.0,-1.0
output:2523,-1,-1.0,-1.0
output:2520,-1,-1.0,-1.0
output:2521,-1,-1.0,-1.0
output:2518,-1,-1.0,-1.0
output:2519,-1,-1.0,-1.0
output:2516,-1,-1.0,-1.0
output:2517,-1,-1.0,-1.0
output:2514,-1,-1.0,-1.0
output:2515,-1,-1.0,-1.0
output:2512,-1,-1.0,-1.0
output:2513,-1,-1.0,-1.0
output:2541,-1,-1.0,-1.0
output:2540,-1,-1.0,-1.0
output:2543,-1,-1.0,-1.0
output:2542,-1,-1.0,-1.0
output:2537,-1,-1.0,-1.0
output:2536,-1,-1.0,-1.0
output:2539,-1,-1.0,-1.0
output:2538,-1,-1.0,-1.0
output:2533,11,0.0,-1.0
output:2532,11,0.0,0.0
output:2531,11,0.0,0.0
output:2530,11,0.0,0.0
output:2535,-1,-1.0,-1.0
output:2534,-1,-1.0,-1.0
output:2529,-1,-1.0,-1.0
output:2528,-1,-1.0,-1.0
output:2556,-1,-1.0,-1.0
output:2557,-1,-1.0,-1.0
output:2558,-1,-1.0,-1.0
output:2559,-1,-1.0,-1.0
output:2552,-1,-1.0,-1.0
output:2553,-1,-1.0,-1.0
output:2554,-1,-1.0,-1.0
output:2555,-1,-1.0,-1.0
output:2548,-1,-1.0,-1.0
output:2549,-1,-1.0,-1.0
output:2550,-1,-1.0,-1.0
output:2551,-1,-1.0,-1.0
output:2544,-1,-1.0,-1.0
output:2545,-1,-1.0,-1.0
output:2546,-1,-1.0,-1.0
output:2547,-1,-1.0,-1.0
output:2306,-1,-1.0,-1.0
output:2307,-1,-1.0,-1.0
output:2304,-1,-1.0,-1.0
output:2305,-1,-1.0,-1.0
output:2310,-1,-1.0,-1.0
output:2311,-1,-1.0,-1.0
output:2308,-1,-1.0,-1.0
output:2309,-1,-1.0,-1.0
output:2314,-1,-1.0,-1.0
output:2315,-1,-1.0,-1.0
output:2312,-1,-1.0,-1.0
output:2313,-1,-1.0,-1.0
output:2318,-1,-1.0,-1.0
output:2319,-1,-1.0,-1.0
output:2316,-1,-1.0,-1.0
output:2317,-1,-1.0,-1.0
output:2323,-1,-1.0,-1.0
output:2322,-1,-1.0,-1.0
output:2321,-1,-1.0,-1.0
output:2320,-1,-1.0,-1.0
output:2327,-1,-1.0,-1.0
output:2326,-1,-1.0,-1.0
output:2325,-1,-1.0,-1.0
output:2324,-1,-1.0,-1.0
output:2331,-1,-1.0,-1.0
output:2330,-1,-1.0,-1.0
output:2329,-1,-1.0,-1.0
output:2328,-1,-1.0,-1.0
output:2335,-1,-1.0,-1.0
output:2334,-1,-1.0,-1.0
output:2333,-1,-1.0,-1.0
output:2332,-1,-1.0,-1.0
output:2336,-1,-1.0,-1.0
output:2337,-1,-1.0,-1.0
output:2338,-1,-1.0,-1.0
output:2339,-1,-1.0,-1.0
output:2340,-1,-1.0,-1.0
output:2341,-1,-1.0,-1.0
output:2342,-1,-1.0,-1.0
output:2343,-1,-1.0,-1.0
output:2344,-1,-1.0,-1.0
output:2345,-1,-1.0,-1.0
output:2346,-1,-1.0,-1.0
output:2347,-1,-1.0,-1.0
output:2348,-1,-1.0,-1.0
output:2349,-1,-1.0,-1.0
output:2350,-1,-1.0,-1.0
output:2351,-1,-1.0,-1.0
output:2353,-1,-1.0,-1.0
output:2352,-1,-1.0,-1.0
output:2355,-1,-1.0,-1.0
output:2354,-1,-1.0,-1.0
output:2357,-1,-1.0,-1.0
output:2356,-1,-1.0,-1.0
output:2359,-1,-1.0,-1.0
output:2358,-1,-1.0,-1.0
output:2361,-1,-1.0,-1.0
output:2360,-1,-1.0,-1.0
output:2363,-1,-1.0,-1.0
output:2362,-1,-1.0,-1.0
output:2365,-1,-1.0,-1.0
output:2364,-1,-1.0,-1.0
output:2367,-1,-1.0,-1.0
output:2366,-1,-1.0,-1.0
output:2374,-1,-1.0,-1.0
output:2375,-1,-1.0,-1.0
output:2372,-1,-1.0,-1.0
output:2373,-1,-1.0,-1.0
output:2370,-1,-1.0,-1.0
output:2371,-1,-1.0,-1.0
output:2368,-1,-1.0,-1.0
output:2369,-1,-1.0,-1.0
output:2382,-1,-1.0,-1.0
output:2383,-1,-1.0,-1.0
output:2380,-1,-1.0,-1.0
output:2381,-1,-1.0,-1.0
output:2378,-1,-1.0,-1.0
output:2379,-1,-1.0,-1.0
output:2376,-1,-1.0,-1.0
output:2377,-1,-1.0,-1.0
output:2391,-1,-1.0,-1.0
output:2390,-1,-1.0,-1.0
output:2389,-1,-1.0,-1.0
output:2388,-1,-1.0,-1.0
output:2387,-1,-1.0,-1.0
output:2386,-1,-1.0,-1.0
output:2385,-1,-1.0,-1.0
output:2384,-1,-1.0,-1.0
output:2399,-1,-1.0,-1.0
output:2398,-1,-1.0,-1.0
output:2397,-1,-1.0,-1.0
output:2396,-1,-1.0,-1.0
output:2395,-1,-1.0,-1.0
output:2394,-1,-1.0,-1.0
output:2393,-1,-1.0,-1.0
output:2392,-1,-1.0,-1.0
output:2404,-1,-1.0,-1.0
output:2405,-1,-1.0,-1.0
output:2406,-1,-1.0,-1.0
output:2407,-1,-1.0,-1.0
output:2400,-1,-1.0,-1.0
output:2401,-1,-1.0,-1.0
output:2402,-1,-1.0,-1.0
output:2403,-1,-1.0,-1.0
output:2412,-1,-1.0,-1.0
output:2413,-1,-1.0,-1.0
output:2414,-1,-1.0,-1.0
output:2415,-1,-1.0,-1.0
output:2408,-1,-1.0,-1.0
output:2409,-1,-1.0,-1.0
output:2410,-1,-1.0,-1.0
output:2411,-1,-1.0,-1.0
output:2421,-1,-1.0,-1.0
output:2420,-1,-1.0,-1.0
output:2423,-1,-1.0,-1.0
output:2422,-1,-1.0,-1.0
output:2417,-1,-1.0,-1.0
output:2416,-1,-1.0,-1.0
output:2419,-1,-1.0,-1.0
output:2418,-1,-1.0,-1.0
output:2429,-1,-1.0,-1.0
output:2428,-1,-1.0,-1.0
output:2431,-1,-1.0,-1.0
output:2430,-1,-1.0,-1.0
output:2425,-1,-1.0,-1.0
output:2424,-1,-1.0,-1.0
output:2427,-1,-1.0,-1.0
output:2426,-1,-1.0,-1.0
output:2596,-1,-1.0,-1.0
output:2597,-1,-1.0,-1.0
output:2594,-1,-1.0,-1.0
output:2595,-1,-1.0,-1.0
output:2593,-1,-1.0,-1.0
output:2581,-1,-1.0,-1.0
output:2580,-1,-1.0,-1.0
output:2583,-1,-1.0,-1.0
output:2582,-1,-1.0,-1.0
output:2577,-1,-1.0,-1.0
output:2576,-1,-1.0,-1.0
output:2579,-1,-1.0,-1.0
output:2578,-1,-1.0,-1.0
output:2589,-1,-1.0,-1.0
output:2588,-1,-1.0,-1.0
output:2591,-1,-1.0,-1.0
output:2590,-1,-1.0,-1.0
output:2585,-1,-1.0,-1.0
output:2584,-1,-1.0,-1.0
output:2587,-1,-1.0,-1.0
output:2586,-1,-1.0,-1.0
output:2564,-1,-1.0,-1.0
output:2565,-1,-1.0,-1.0
output:2566,-1,-1.0,-1.0
output:2567,-1,-1.0,-1.0
output:2560,-1,-1.0,-1.0
output:2561,-1,-1.0,-1.0
output:2562,-1,-1.0,-1.0
output:2563,-1,-1.0,-1.0
output:2572,-1,-1.0,-1.0
output:2573,-1,-1.0,-1.0
output:2574,-1,-1.0,-1.0
output:2575,-1,-1.0,-1.0
output:2568,-1,-1.0,-1.0
output:2569,-1,-1.0,-1.0
output:2570,-1,-1.0,-1.0
output:2571,-1,-1.0,-1.0
