output:0,0,70.83835581891006,-1.0
output:1,0,70.83835581891006,70.83835581891006
output:2,1,98.81925994652771,-1.0
output:9,1,66.00155628456045,98.81925994652771
output:8,1,66.00155628456045,66.00155628456045
output:11,1,66.4676304255956,74.06537749124902
output:10,1,44.06715871246525,66.4676304255956
output:17,1,44.06715871246525,44.06715871246525
output:15,1,62.67819466875622,67.7525646939031
output:21,1,53.412266043554055,62.67819466875622
output:14,1,53.412266043554055,53.412266043554055
output:20,1,45.26430768591565,54.88565646100814
output:18,1,29.445855394429554,45.26430768591565
output:19,1,29.445855394429554,29.445855394429554
output:12,1,46.97959896030278,46.97959896030278
output:16,1,53.19612593505287,53.19612593505287
output:13,1,53.57164656497026,53.57164656497026
output:3,-1,-1.0,-1.0
output:4,-1,-1.0,-1.0
output:5,-1,-1.0,-1.0
output:6,-1,-1.0,-1.0
output:7,-1,-1.0,-1.0
=================
output:22,-1,-1.0,-1.0
=================
output:23,-1,-1.0,-1.0
=================
output:138,-1,-1.0,-1.0
output:143,-1,-1.0,-1.0
output:59,-1,-1.0,-1.0
output:25,0,70.61618120399739,-1.0
output:24,0,27.399589551902952,70.61618120399739
output:45,0,27.399589551902952,27.399589551902952
output:47,0,69.22239345398886,69.22239345398886
output:26,0,71.80304768151572,71.80304768151572
output:43,-1,-1.0,-1.0
=================
output:139,0,57.79134671339438,-1.0
output:83,0,57.79134671339438,57.79134671339438
output:135,0,23.192539555599915,67.13343831011322
output:114,0,23.192539555599915,23.192539555599915
output:142,-1,-1.0,-1.0
output:73,1,135.63946760423718,-1.0
output:75,1,135.63946760423718,135.63946760423718
output:85,-1,-1.0,-1.0
output:159,-1,-1.0,-1.0
output:27,2,153.01197869724894,-1.0
output:28,2,42.744552906598464,153.01197869724894
output:34,2,42.744552906598464,42.744552906598464
output:44,2,85.25258053850594,85.25258053850594
output:149,-1,-1.0,-1.0
output:31,3,53.40382564802676,-1.0
output:33,3,51.32963950540992,53.40382564802676
output:108,3,50.815009038006366,51.32963950540992
output:107,3,50.815009038006366,50.815009038006366
output:106,3,52.25230851681933,52.25230851681933
output:46,3,59.10455737017139,63.75018088505764
output:109,3,59.10455737017139,59.10455737017139
output:30,3,185.0726713573723,185.0726713573723
output:51,-1,-1.0,-1.0
output:116,-1,-1.0,-1.0
output:55,-1,-1.0,-1.0
output:112,-1,-1.0,-1.0
output:127,-1,-1.0,-1.0
output:125,-1,-1.0,-1.0
output:124,-1,-1.0,-1.0
=================
output:32,-1,-1.0,-1.0
output:29,-1,-1.0,-1.0
output:104,-1,-1.0,-1.0
=================
output:35,0,48.29138165486566,-1.0
output:110,0,48.29138165486566,48.29138165486566
output:37,0,59.941873576222335,59.941873576222335
output:41,0,62.80835777280878,62.80835777280878
output:36,0,52.87251195049553,75.65521362310923
output:147,0,35.650072159658855,52.87251195049553
output:172,0,35.650072159658855,35.650072159658855
output:42,0,87.65669501559634,87.65669501559634
output:54,-1,-1.0,-1.0
=================
output:119,-1,-1.0,-1.0
output:38,-1,-1.0,-1.0
output:39,0,91.67839407418586,-1.0
output:40,0,91.67839407418586,91.67839407418586
=================
output:49,0,110.00255136782071,-1.0
output:48,0,110.00255136782071,110.00255136782071
=================
output:50,0,49.05073134282477,-1.0
output:77,0,49.05073134282477,49.05073134282477
=================
output:102,0,162.59922054273866,-1.0
output:101,0,162.59922054273866,162.59922054273866
output:68,-1,-1.0,-1.0
output:52,-1,-1.0,-1.0
output:163,-1,-1.0,-1.0
output:145,-1,-1.0,-1.0
output:160,-1,-1.0,-1.0
output:130,-1,-1.0,-1.0
output:122,-1,-1.0,-1.0
=================
output:64,0,38.67931256266665,-1.0
output:53,0,38.67931256266665,38.67931256266665
output:129,-1,-1.0,-1.0
output:164,-1,-1.0,-1.0
=================
output:137,0,31.903910830703516,-1.0
output:166,0,14.762239803590484,31.903910830703516
output:56,0,14.762239803590484,14.762239803590484
output:134,-1,-1.0,-1.0
=================
output:58,0,74.95239204473049,-1.0
output:57,0,74.95239204473049,74.95239204473049
=================
output:60,-1,-1.0,-1.0
=================
output:61,-1,-1.0,-1.0
=================
output:103,0,79.25871044275256,-1.0
output:88,0,79.25871044275256,79.25871044275256
output:63,0,106.18398549828152,106.18398549828152
output:62,0,176.56180026937292,176.56180026937292
output:70,1,164.45803580001302,-1.0
output:72,1,164.45803580001302,164.45803580001302
output:96,-1,-1.0,-1.0
output:111,-1,-1.0,-1.0
output:161,-1,-1.0,-1.0
output:78,2,44.99417570687851,-1.0
output:74,2,44.99417570687851,44.99417570687851
output:79,3,141.53607449590288,-1.0
output:80,3,141.53607449590288,141.53607449590288
output:153,-1,-1.0,-1.0
output:155,-1,-1.0,-1.0
output:81,-1,-1.0,-1.0
output:82,-1,-1.0,-1.0
output:91,-1,-1.0,-1.0
=================
output:117,-1,-1.0,-1.0
output:115,-1,-1.0,-1.0
output:65,0,61.987514162846296,-1.0
output:66,0,38.66721091907483,61.987514162846296
output:67,0,38.66721091907483,38.66721091907483
output:150,-1,-1.0,-1.0
output:121,1,183.29754016836876,-1.0
output:120,1,183.29754016836876,183.29754016836876
output:105,-1,-1.0,-1.0
=================
output:69,-1,-1.0,-1.0
=================
output:71,-1,-1.0,-1.0
=================
output:76,-1,-1.0,-1.0
=================
output:84,-1,-1.0,-1.0
output:87,0,44.862216115765385,-1.0
output:167,0,44.862216115765385,44.862216115765385
=================
output:171,0,53.73019128769151,-1.0
output:170,0,53.73019128769151,53.73019128769151
output:168,1,70.31060139514165,-1.0
output:95,1,70.31060139514165,70.31060139514165
output:86,1,36.74891123285137,89.35754506984601
output:90,1,36.74891123285137,36.74891123285137
=================
output:94,-1,-1.0,-1.0
output:89,-1,-1.0,-1.0
=================
output:92,-1,-1.0,-1.0
=================
output:169,-1,-1.0,-1.0
output:141,-1,-1.0,-1.0
output:144,-1,-1.0,-1.0
output:93,-1,-1.0,-1.0
output:128,-1,-1.0,-1.0
output:146,-1,-1.0,-1.0
output:123,-1,-1.0,-1.0
=================
output:97,-1,-1.0,-1.0
=================
output:100,0,145.79916866860458,-1.0
output:98,0,42.06031829299422,145.79916866860458
output:99,0,42.06031829299422,42.06031829299422
=================
output:113,-1,-1.0,-1.0
=================
output:118,-1,-1.0,-1.0
output:131,-1,-1.0,-1.0
=================
output:126,-1,-1.0,-1.0
=================
output:132,-1,-1.0,-1.0
=================
output:156,0,43.24139919247252,-1.0
output:157,0,43.24139919247252,43.24139919247252
output:162,0,107.04026975127404,107.04026975127404
output:133,-1,-1.0,-1.0
=================
output:136,-1,-1.0,-1.0
=================
output:140,-1,-1.0,-1.0
=================
output:148,-1,-1.0,-1.0
=================
output:152,0,79.43971172038896,-1.0
output:151,0,26.858445255060488,79.43971172038896
output:165,0,26.858445255060488,26.858445255060488
output:158,0,61.02677059519246,61.02677059519246
output:154,0,84.96091187330039,84.96091187330039
=================
output:173,-1,-1.0,-1.0
=================
output:174,-1,-1.0,-1.0
=================