output:176005,-1,-1.0,-1.0
output:225756,0,0.0,-1.0
output:225757,0,0.0,0.0
output:670935,0,0.0,0.0
output:256883,0,0.0,0.0
output:69580,0,0.0,0.0
output:69581,0,0.0,0.0
output:132117,0,0.0,0.0
output:795193,0,0.0,0.0
output:795199,0,0.0,0.0
output:795187,0,0.0,0.0
output:795189,0,0.0,0.0
output:795213,0,0.0,0.0
output:705055,0,0.0,0.0
output:705052,0,0.0,0.0
output:705063,0,0.0,0.0
output:705069,0,0.0,0.0
output:705073,0,0.0,0.0
output:705078,0,0.0,0.0
output:31049,0,0.0,0.0
output:31048,0,0.0,0.0
output:176045,1,0.0,-1.0
output:176043,1,0.0,0.0
output:176039,1,0.0,0.0
output:176032,1,0.0,0.0
output:312681,1,0.0,0.0
output:174920,1,0.0,0.0
output:257522,1,0.0,0.0
output:257512,1,0.0,0.0
output:257503,1,0.0,0.0
output:575537,1,0.0,0.0
output:575535,1,0.0,0.0
output:576082,1,0.0,0.0
output:576078,1,0.0,0.0
output:224276,1,0.0,0.0
output:224793,1,0.0,0.0
output:255977,1,0.0,0.0
output:412579,1,0.0,0.0
output:538514,1,0.0,0.0
output:374865,1,0.0,0.0
output:65517,1,0.0,0.0
output:29408,1,0.0,0.0
output:29409,1,0.0,0.0
output:64303,1,0.0,0.0
output:64391,1,0.0,0.0
output:64392,1,0.0,0.0
output:225770,-1,-1.0,-1.0
output:225782,-1,-1.0,-1.0
output:176091,-1,-1.0,-1.0
output:225688,-1,-1.0,-1.0
output:176083,-1,-1.0,-1.0
output:225682,-1,-1.0,-1.0
output:225681,-1,-1.0,-1.0
output:70500,-1,-1.0,-1.0
output:225703,-1,-1.0,-1.0
output:607748,2,0.0,-1.0
output:607750,2,0.0,0.0
output:175484,2,0.0,0.0
output:226378,2,0.0,0.0
output:226381,2,0.0,0.0
output:258394,2,0.0,0.0
output:374633,2,0.0,0.0
output:65419,2,0.0,0.0
output:65421,2,0.0,0.0
output:65424,2,0.0,0.0
output:65426,2,0.0,0.0
output:533932,2,0.0,0.0
output:460475,2,0.0,0.0
output:494969,2,0.0,0.0
output:579915,2,0.0,11.039875953562438
output:225268,2,0.0,0.0
output:537887,2,0.0,0.0
output:134607,2,0.0,0.0
output:64065,2,0.0,0.0
output:64064,2,0.0,0.0
output:64057,2,0.0,0.0
output:64059,2,0.0,0.0
output:64061,2,0.0,0.0
output:64062,2,0.0,0.0
output:64063,2,0.0,0.0
output:225721,-1,-1.0,-1.0
output:225718,-1,-1.0,-1.0
output:70522,-1,-1.0,-1.0
output:175882,-1,-1.0,-1.0
output:704163,3,0.0,-1.0
output:704153,3,0.0,0.0
output:704271,3,0.0,0.0
output:264598,3,0.0,0.0
output:32827,3,0.0,0.0
output:32826,3,0.0,0.0
output:32820,3,0.0,0.0
output:32847,3,0.0,0.0
output:32836,3,0.0,0.0
output:32851,3,0.0,0.0
output:577570,3,0.0,0.0
output:858836,3,0.0,0.0
output:858843,3,0.0,0.0
output:256658,3,0.0,0.0
output:630150,3,0.0,0.0
output:630152,3,0.0,0.0
output:630153,3,0.0,0.0
output:177213,3,0.0,0.0
output:891097,3,0.0,0.0
output:891091,3,0.0,0.0
output:891090,3,0.0,0.0
output:891093,3,0.0,0.0
output:891092,3,0.0,0.0
output:891095,3,0.0,0.0
output:891094,3,0.0,0.0
output:225004,3,0.0,0.0
output:132928,3,0.0,0.0
output:132929,3,0.0,0.0
output:132930,3,0.0,0.0
output:132931,3,0.0,0.0
output:132932,3,0.0,0.0
output:132933,3,0.0,0.0
output:373589,3,0.0,0.0
output:373588,3,0.0,0.0
output:373587,3,0.0,0.0
output:373586,3,0.0,0.0
output:132927,3,0.0,0.0
output:132926,3,0.0,0.0
output:738647,3,0.0,0.0
output:817268,3,0.0,0.0
output:817265,3,0.0,0.0
output:496010,3,0.0,0.0
output:817262,3,0.0,0.0
output:375427,3,0.0,0.0
output:375426,3,0.0,0.0
output:375425,3,0.0,0.0
output:375424,3,0.0,0.0
output:375429,3,0.0,0.0
output:375428,3,0.0,0.0
output:375423,3,0.0,0.0
output:827900,3,0.0,0.0
output:827895,3,0.0,0.0
output:827884,3,0.0,0.0
output:339272,3,0.0,0.0
output:339265,3,0.0,0.0
output:339268,3,0.0,0.0
output:797748,3,0.0,0.0
output:708292,3,0.0,0.0
output:708299,3,0.0,0.0
output:339859,3,0.0,0.0
output:339863,3,0.0,0.0
output:708284,3,0.0,0.0
output:339854,3,0.0,0.0
output:795147,3,0.0,0.0
output:535253,3,0.0,0.0
output:795142,3,0.0,0.0
output:535261,3,0.0,0.0
output:673904,3,0.0,0.0
output:413999,3,0.0,0.0
output:460604,3,0.0,0.0
output:460615,3,0.0,0.0
output:460608,3,0.0,0.0
output:1004040,3,0.0,0.0
output:309336,3,0.0,0.0
output:309330,3,0.0,0.0
output:309324,3,0.0,0.0
output:669458,4,0.0,-1.0
output:739894,4,0.0,0.0
output:375396,4,0.0,0.0
output:983768,4,0.0,0.0
output:672635,4,0.0,0.0
output:65021,4,0.0,0.0
output:916386,4,0.0,0.0
output:607957,-1,-1.0,-1.0
output:260339,-1,-1.0,-1.0
output:70593,-1,-1.0,-1.0
output:225559,5,0.0,-1.0
output:225557,5,0.0,0.0
output:131387,5,0.0,0.0
output:131389,5,0.0,0.0
output:131388,5,0.0,0.0
output:65372,5,0.0,0.0
output:65373,5,0.0,0.0
output:308108,5,0.0,0.0
output:339141,5,0.0,0.0
output:534335,5,0.0,0.0
output:534330,5,0.0,0.0
output:339952,5,0.0,0.0
output:339951,5,0.0,0.0
output:413801,5,0.0,0.0
output:32164,5,0.0,0.0
output:32162,5,0.0,0.0
output:225562,-1,-1.0,-1.0
output:260250,6,0.0,-1.0
output:227695,6,0.0,0.0
output:576573,6,0.0,0.0
output:65740,6,0.0,0.0
output:65741,6,0.0,0.0
output:65742,6,0.0,0.0
output:65743,6,0.0,0.0
output:496949,6,0.0,0.0
output:496944,6,0.0,0.0
output:496953,6,0.0,0.0
output:180258,6,0.0,0.0
output:607908,7,0.0,-1.0
output:228138,7,0.0,0.0
output:33720,7,0.0,0.0
output:33721,7,0.0,0.0
output:33722,7,0.0,0.0
output:33723,7,0.0,0.0
output:259052,7,0.0,0.0
output:259063,7,0.0,0.0
output:259039,7,0.0,0.0
output:259036,7,0.0,0.0
output:629750,7,0.0,0.0
output:256797,7,0.0,0.0
output:256788,7,0.0,0.0
output:256809,7,0.0,0.0
output:256802,7,0.0,0.0
output:646482,7,0.0,0.0
output:646483,7,0.0,0.0
output:646481,7,0.0,0.0
output:224661,7,0.0,0.0
output:224659,7,0.0,0.0
output:224658,7,0.0,0.0
output:373177,7,0.0,0.0
output:412317,7,0.0,0.0
output:412329,7,0.0,0.0
output:497052,7,0.0,0.0
output:497046,7,0.0,0.0
output:373887,7,0.0,0.0
output:373889,7,0.0,0.0
output:373888,7,0.0,0.0
output:134399,7,0.0,0.0
output:134408,7,0.0,0.0
output:134400,7,0.0,0.0
output:134401,7,0.0,0.0
output:134402,7,0.0,0.0
output:134403,7,0.0,0.0
output:134404,7,0.0,0.0
output:134406,7,0.0,0.0
output:376041,7,0.0,0.0
output:376040,7,0.0,0.0
output:376039,7,0.0,0.0
output:306979,7,0.0,0.0
output:306988,7,0.0,0.0
output:306994,7,0.0,0.0
output:307007,7,0.0,0.0
output:306961,7,0.0,0.0
output:306970,7,0.0,0.0
output:65209,7,0.0,0.0
output:64514,7,0.0,0.0
output:64512,7,0.0,0.0
output:339063,7,0.0,0.0
output:64494,7,0.0,0.0
output:64495,7,0.0,0.0
output:64492,7,0.0,0.0
output:64493,7,0.0,0.0
output:64490,7,0.0,0.0
output:64503,7,0.0,0.0
output:64502,7,0.0,0.0
output:64501,7,0.0,0.0
output:64500,7,0.0,0.0
output:64499,7,0.0,0.0
output:64498,7,0.0,0.0
output:64497,7,0.0,0.0
output:64496,7,0.0,0.0
output:64511,7,0.0,0.0
output:64509,7,0.0,0.0
output:64508,7,0.0,0.0
output:64507,7,0.0,0.0
output:64505,7,0.0,0.0
output:64504,7,0.0,0.0
output:533753,7,0.0,0.0
output:533748,7,0.0,0.0
output:533761,7,0.0,0.0
output:536080,7,0.0,0.0
output:260260,-1,-1.0,-1.0
output:225568,-1,-1.0,-1.0
output:70638,8,0.0,-1.0
output:628782,8,0.0,0.0
output:890254,8,0.0,0.0
output:857233,8,0.0,0.0
output:738006,8,0.0,0.0
output:738004,8,0.0,0.0
output:738003,8,0.0,0.0
output:738001,8,0.0,0.0
output:816533,8,0.0,0.0
output:816518,8,0.0,0.0
output:1004263,8,0.0,0.0
output:495902,8,15.59403664367649,15.59403664367649
output:175982,9,0.0,-1.0
output:225420,9,0.0,0.0
output:225423,9,0.0,0.0
output:607583,9,0.0,0.0
output:607584,9,0.0,0.0
output:607585,9,0.0,0.0
output:607586,9,0.0,0.0
output:607587,9,0.0,0.0
output:607588,9,0.0,0.0
output:174748,9,0.0,0.0
output:174744,9,0.0,0.0
output:262464,9,0.0,0.0
output:262473,9,0.0,0.0
output:646886,9,0.0,0.0
output:646885,9,0.0,0.0
output:575786,9,0.0,0.0
output:66581,9,0.0,0.0
output:66582,9,0.0,0.0
output:576074,9,0.0,0.0
output:537194,9,0.0,0.0
output:537188,9,0.0,0.0
output:537204,9,0.0,0.0
output:496890,9,0.0,0.0
output:131674,9,0.0,0.0
output:305937,9,0.0,0.0
output:306426,9,0.0,0.0
output:306430,9,0.0,0.0
output:306211,9,0.0,0.0
output:307307,9,0.0,0.0
output:339023,9,0.0,0.0
output:339026,9,0.0,0.0
output:29260,9,0.0,0.0
output:29235,9,0.0,0.0
output:29242,9,0.0,0.0
output:29246,9,0.0,0.0
output:63706,9,0.0,0.0
output:63152,9,0.0,0.0
output:63154,9,0.0,0.0
output:63156,9,0.0,0.0
output:175758,10,0.0,-1.0
output:175751,10,0.0,0.0
output:256954,10,0.0,0.0
output:224827,10,0.0,0.0
output:376762,10,0.0,0.0
output:64043,10,0.0,0.0
output:64045,10,0.0,0.0
output:64044,10,0.0,0.0
output:312476,-1,-1.0,-1.0
output:225530,11,0.0,-1.0
output:225534,11,0.0,0.0
output:225523,11,0.0,0.0
output:225521,11,0.0,0.0
output:225525,11,0.0,0.0
output:174613,11,0.0,0.0
output:174608,11,0.0,0.0
output:174605,11,0.0,0.0
output:224288,11,0.0,0.0
output:224284,11,0.0,0.0
output:497203,11,0.0,0.0
output:497202,11,0.0,0.0
output:497207,11,0.0,0.0
output:497213,11,0.0,0.0
output:497197,11,0.0,0.0
output:497242,11,0.0,0.0
output:497221,11,0.0,0.0
output:497230,11,0.0,0.0
output:175807,12,0.0,-1.0
output:175827,12,0.0,0.0
output:175816,12,0.0,0.0
output:175810,12,0.0,0.0
output:608213,12,0.0,0.0
output:607310,12,0.0,0.0
output:174236,12,0.0,0.0
output:174238,12,0.0,0.0
output:258064,12,0.0,0.0
output:228624,12,0.0,0.0
output:228620,12,0.0,0.0
output:578054,12,0.0,0.0
output:578063,12,0.0,0.0
output:578068,12,0.0,0.0
output:258045,12,0.0,0.0
output:258033,12,0.0,0.0
output:628630,12,0.0,0.0
output:628629,12,0.0,0.0
output:628632,12,0.0,0.0
output:224921,12,0.0,0.0
output:224925,12,0.0,0.0
output:130574,12,0.0,0.0
output:412537,12,0.0,0.0
output:412571,12,0.0,0.0
output:412588,12,0.0,0.0
output:374468,12,0.0,0.0
output:374467,12,0.0,0.0
output:306025,12,0.0,0.0
output:340888,12,0.0,0.0
output:340891,12,0.0,0.0
output:340892,12,0.0,0.0
output:340895,12,0.0,0.0
output:30035,12,0.0,0.0
output:30036,12,0.0,0.0
output:30037,12,0.0,0.0
output:64777,12,0.0,0.0
output:64776,12,0.0,0.0
output:339263,12,0.0,0.0
output:339260,12,0.0,0.0
output:135806,12,0.0,0.0
output:135807,12,0.0,0.0
output:63308,12,0.0,0.0
output:63310,12,0.0,0.0
output:63304,12,0.0,0.0
output:63306,12,0.0,0.0
output:309389,12,0.0,0.0
output:309387,12,0.0,0.0
output:459517,12,0.0,0.0
output:459504,12,0.0,0.0
output:459526,12,0.0,0.0
output:459540,12,0.0,0.0
output:459553,12,0.0,0.0
output:459567,12,0.0,0.0
output:30773,12,0.0,0.0
output:536013,12,0.0,0.0
output:536011,12,0.0,0.0
output:536021,12,0.0,0.0
output:225532,-1,-1.0,-1.0
output:175791,-1,-1.0,-1.0
output:225436,13,0.0,-1.0
output:225437,13,0.0,0.0
output:225435,13,0.0,0.0
output:174736,13,0.0,0.0
output:174712,13,0.0,0.0
output:174702,13,0.0,0.0
output:174700,13,0.0,0.0
output:174692,13,0.0,0.0
output:174113,13,0.0,0.0
output:174108,13,0.0,0.0
output:174110,13,0.0,0.0
output:608345,13,0.0,0.0
output:608347,13,0.0,0.0
output:608349,13,0.0,0.0
output:608351,13,0.0,0.0
output:608350,13,0.0,0.0
output:608340,13,0.0,0.0
output:608342,13,0.0,0.0
output:608354,13,0.0,0.0
output:608355,13,0.0,0.0
output:608352,13,0.0,0.0
output:608353,13,0.0,0.0
output:608356,13,0.0,0.0
output:646732,13,0.0,0.0
output:646729,13,0.0,0.0
output:646728,13,0.0,0.0
output:646731,13,0.0,0.0
output:646730,13,0.0,0.0
output:646725,13,0.0,0.0
output:646724,13,0.0,0.0
output:646727,13,0.0,0.0
output:646726,13,0.0,0.0
output:646721,13,0.0,0.0
output:646720,13,0.0,0.0
output:646723,13,0.0,0.0
output:646722,13,0.0,0.0
output:646719,13,0.0,0.0
output:256096,13,0.0,0.0
output:256100,13,0.0,0.0
output:256073,13,0.0,0.0
output:256074,13,0.0,0.0
output:256067,13,0.0,0.0
output:256066,13,0.0,0.0
output:256083,13,0.0,0.0
output:256084,13,0.0,0.0
output:256042,13,0.0,0.0
output:256035,13,0.0,0.0
output:256056,13,0.0,0.0
output:256057,13,0.0,0.0
output:256050,13,0.0,0.0
output:256014,13,0.0,0.0
output:256024,13,0.0,0.0
output:256023,13,0.0,0.0
output:629663,13,0.0,0.0
output:858400,13,0.0,0.0
output:858398,13,0.0,0.0
output:858393,13,0.0,0.0
output:858390,13,0.0,0.0
output:858387,13,0.0,0.0
output:858381,13,0.0,0.0
output:858377,13,0.0,0.0
output:858372,13,0.0,0.0
output:858368,13,0.0,0.0
output:858339,13,0.0,0.0
output:858344,13,0.0,0.0
output:858349,13,0.0,0.0
output:858353,13,0.0,0.0
output:858352,13,0.0,0.0
output:858359,13,0.0,0.0
output:858356,13,0.0,0.0
output:858363,13,0.0,0.0
output:858364,13,0.0,0.0
output:858315,13,0.0,0.0
output:858320,13,0.0,0.0
output:858324,13,0.0,0.0
output:858327,13,0.0,0.0
output:858330,13,0.0,0.0
output:575934,13,0.0,0.0
output:575925,13,0.0,0.0
output:575921,13,0.0,0.0
output:575938,13,0.0,0.0
output:575738,13,0.0,0.0
output:575729,13,0.0,0.0
output:575732,13,0.0,0.0
output:257906,13,0.0,0.0
output:257907,13,0.0,0.0
output:257914,13,0.0,0.0
output:257900,13,0.0,0.0
output:257946,13,0.0,0.0
output:257951,13,0.0,0.0
output:257941,13,0.0,0.0
output:257934,13,0.0,0.0
output:257926,13,0.0,0.0
output:257927,13,0.0,0.0
output:576189,13,0.0,0.0
output:576178,13,0.0,0.0
output:576182,13,0.0,0.0
output:576173,13,0.0,0.0
output:257566,13,0.0,0.0
output:257567,13,0.0,0.0
output:257579,13,0.0,0.0
output:257583,13,0.0,0.0
output:257582,13,0.0,0.0
output:257580,13,0.0,0.0
output:257590,13,0.0,0.0
output:257589,13,0.0,0.0
output:257598,13,0.0,0.0
output:257599,13,0.0,0.0
output:257604,13,0.0,0.0
output:257606,13,0.0,0.0
output:257615,13,0.0,0.0
output:257616,13,0.0,0.0
output:257631,13,0.0,0.0
output:257624,13,0.0,0.0
output:257625,13,0.0,0.0
output:257639,13,0.0,0.0
output:257637,13,0.0,0.0
output:257636,13,0.0,0.0
output:257635,13,0.0,0.0
output:257632,13,0.0,0.0
output:257646,13,0.0,0.0
output:257650,13,0.0,0.0
output:257651,13,0.0,0.0
output:576196,13,0.0,0.0
output:257662,13,0.0,0.0
output:257660,13,0.0,0.0
output:576192,13,0.0,0.0
output:257672,13,0.0,0.0
output:257675,13,0.0,0.0
output:257678,13,0.0,0.0
output:257671,13,0.0,0.0
output:257693,13,0.0,0.0
output:257695,13,0.0,0.0
output:257682,13,0.0,0.0
output:257687,13,0.0,0.0
output:257707,13,0.0,0.0
output:257710,13,0.0,0.0
output:257711,13,0.0,0.0
output:257702,13,0.0,0.0
output:257703,13,0.0,0.0
output:257723,13,0.0,0.0
output:257720,13,0.0,0.0
output:257725,13,0.0,0.0
output:257714,13,0.0,0.0
output:257739,13,0.0,0.0
output:257730,13,0.0,0.0
output:257753,13,0.0,0.0
output:257747,13,0.0,0.0
output:257768,13,0.0,0.0
output:257762,13,0.0,0.0
output:257763,13,0.0,0.0
output:627357,13,0.0,0.0
output:627356,13,0.0,0.0
output:627353,13,0.0,0.0
output:627354,13,0.0,0.0
output:627351,13,0.0,0.0
output:627350,13,0.0,0.0
output:627711,13,0.0,0.0
output:575321,13,0.0,0.0
output:575316,13,0.0,0.0
output:575309,13,0.0,0.0
output:223999,13,0.0,0.0
output:223995,13,0.0,0.0
output:575402,13,0.0,0.0
output:891234,13,0.0,0.0
output:891236,13,0.0,0.0
output:891218,13,0.0,0.0
output:891219,13,0.0,0.0
output:891222,13,0.0,0.0
output:891220,13,0.0,0.0
output:891221,13,0.0,0.0
output:891227,13,0.0,0.0
output:891224,13,0.0,0.0
output:891225,13,0.0,0.0
output:891230,13,0.0,0.0
output:891228,13,0.0,0.0
output:224003,13,0.0,0.0
output:224782,13,0.0,0.0
output:224792,13,0.0,0.0
output:224784,13,0.0,0.0
output:224785,13,0.0,0.0
output:224787,13,0.0,0.0
output:224789,13,0.0,0.0
output:176349,13,0.0,0.0
output:176348,13,0.0,0.0
output:176350,13,0.0,0.0
output:176356,13,0.0,0.0
output:176355,13,0.0,0.0
output:225006,13,0.0,0.0
output:225013,13,0.0,0.0
output:225009,13,0.0,0.0
output:225008,13,0.0,0.0
output:627712,13,0.0,0.0
output:627715,13,0.0,0.0
output:627714,13,0.0,0.0
output:627717,13,0.0,0.0
output:627719,13,0.0,0.0
output:627718,13,0.0,0.0
output:225016,13,0.0,0.0
output:373437,13,0.0,0.0
output:130833,13,0.0,0.0
output:130832,13,0.0,0.0
output:130835,13,0.0,0.0
output:130834,13,0.0,0.0
output:130837,13,0.0,0.0
output:130836,13,0.0,0.0
output:130838,13,0.0,0.0
output:412491,13,0.0,0.0
output:412511,13,0.0,0.0
output:130830,13,0.0,0.0
output:130831,13,0.0,0.0
output:412527,13,0.0,0.0
output:412462,13,0.0,0.0
output:412477,13,0.0,0.0
output:412636,13,0.0,0.0
output:412661,13,0.0,0.0
output:412557,13,0.0,0.0
output:373696,13,0.0,0.0
output:412555,13,0.0,0.0
output:373699,13,0.0,0.0
output:373698,13,0.0,0.0
output:412607,13,0.0,0.0
output:496253,13,0.0,0.0
output:412698,13,0.0,0.0
output:412689,13,0.0,0.0
output:373836,13,0.0,0.0
output:373837,13,0.0,0.0
output:412785,13,0.0,0.0
output:131191,13,0.0,0.0
output:131193,13,0.0,0.0
output:131192,13,0.0,0.0
output:131195,13,0.0,0.0
output:412771,13,0.0,0.0
output:131194,13,0.0,0.0
output:412755,13,0.0,0.0
output:373912,13,0.0,0.0
output:373913,13,0.0,0.0
output:496259,13,0.0,0.0
output:374131,13,0.0,0.0
output:374130,13,0.0,0.0
output:374129,13,0.0,0.0
output:374132,13,0.0,0.0
output:131514,13,0.0,0.0
output:131515,13,0.0,0.0
output:131513,13,0.0,0.0
output:131518,13,0.0,0.0
output:131519,13,0.0,0.0
output:131516,13,0.0,0.0
output:131517,13,0.0,0.0
output:131504,13,0.0,0.0
output:131508,13,0.0,0.0
output:131509,13,0.0,0.0
output:131503,13,0.0,0.0
output:131502,13,0.0,0.0
output:131501,13,0.0,0.0
output:131561,13,0.0,0.0
output:495835,13,0.0,0.0
output:495859,13,0.0,0.0
output:374520,13,0.0,0.0
output:374523,13,0.0,0.0
output:374517,13,0.0,0.0
output:374518,13,0.0,0.0
output:495868,13,0.0,0.0
output:374512,13,0.0,0.0
output:374513,13,0.0,0.0
output:374515,13,0.0,0.0
output:495841,13,0.0,0.0
output:374509,13,0.0,0.0
output:374508,13,0.0,0.0
output:374511,13,0.0,0.0
output:374510,13,0.0,0.0
output:374505,13,0.0,0.0
output:495844,13,0.0,0.0
output:374504,13,0.0,0.0
output:374507,13,0.0,0.0
output:374506,13,0.0,0.0
output:495854,13,0.0,0.0
output:495882,13,0.0,0.0
output:495879,13,0.0,0.0
output:495893,13,0.0,0.0
output:495905,13,0.0,0.0
output:374582,13,0.0,0.0
output:374585,13,0.0,0.0
output:374584,13,0.0,0.0
output:305979,13,0.0,0.0
output:305971,13,0.0,0.0
output:306020,13,0.0,0.0
output:306017,13,0.0,0.0
output:305863,13,0.0,0.0
output:305858,13,0.0,0.0
output:375514,13,0.0,0.0
output:375515,13,0.0,0.0
output:28084,13,0.0,0.0
output:28090,13,0.0,0.0
output:307023,13,0.0,0.0
output:307037,13,0.0,0.0
output:307036,13,0.0,0.0
output:133200,13,0.0,0.0
output:133198,13,0.0,0.0
output:133196,13,0.0,0.0
output:133193,13,0.0,0.0
output:306910,13,0.0,0.0
output:306911,13,0.0,0.0
output:306902,13,0.0,0.0
output:306898,13,0.0,0.0
output:306895,13,0.0,0.0
output:306739,13,0.0,0.0
output:306730,13,0.0,0.0
output:306715,13,0.0,0.0
output:306635,13,0.0,0.0
output:306638,13,0.0,0.0
output:306625,13,0.0,0.0
output:306629,13,0.0,0.0
output:306653,13,0.0,0.0
output:306643,13,0.0,0.0
output:306647,13,0.0,0.0
output:306667,13,0.0,0.0
output:306665,13,0.0,0.0
output:306670,13,0.0,0.0
output:306657,13,0.0,0.0
output:306660,13,0.0,0.0
output:306620,13,0.0,0.0
output:307786,13,0.0,0.0
output:307777,13,0.0,0.0
output:307803,13,0.0,0.0
output:307795,13,0.0,0.0
output:307810,13,0.0,0.0
output:65179,13,0.0,0.0
output:65178,13,0.0,0.0
output:65177,13,0.0,0.0
output:65176,13,0.0,0.0
output:65182,13,0.0,0.0
output:65181,13,0.0,0.0
output:65180,13,0.0,0.0
output:65173,13,0.0,0.0
output:65172,13,0.0,0.0
output:533472,13,0.0,0.0
output:533476,13,0.0,0.0
output:533483,13,0.0,0.0
output:533480,13,0.0,0.0
output:533458,13,0.0,0.0
output:533461,13,0.0,0.0
output:533467,13,0.0,0.0
output:533466,13,0.0,0.0
output:533452,13,0.0,0.0
output:307245,13,0.0,0.0
output:307244,13,0.0,0.0
output:307242,13,0.0,0.0
output:307236,13,0.0,0.0
output:307228,13,0.0,0.0
output:307367,13,0.0,0.0
output:307362,13,0.0,0.0
output:307375,13,0.0,0.0
output:307386,13,0.0,0.0
output:307334,13,0.0,0.0
output:307346,13,0.0,0.0
output:307355,13,0.0,0.0
output:534150,13,0.0,0.0
output:534146,13,0.0,0.0
output:534135,13,0.0,0.0
output:534138,13,0.0,0.0
output:534142,13,0.0,0.0
output:339418,13,0.0,0.0
output:29378,13,0.0,0.0
output:339420,13,0.0,0.0
output:29379,13,0.0,0.0
output:29376,13,0.0,0.0
output:339422,13,0.0,0.0
output:29377,13,0.0,0.0
output:534412,13,0.0,0.0
output:339426,13,0.0,0.0
output:534414,13,0.0,0.0
output:339430,13,0.0,0.0
output:339431,13,0.0,0.0
output:339428,13,0.0,0.0
output:339434,13,0.0,0.0
output:534406,13,0.0,0.0
output:339433,13,0.0,0.0
output:29369,13,0.0,0.0
output:29368,13,0.0,0.0
output:29370,13,0.0,0.0
output:29372,13,0.0,0.0
output:29375,13,0.0,0.0
output:29374,13,0.0,0.0
output:339686,13,0.0,0.0
output:339687,13,0.0,0.0
output:339693,13,0.0,0.0
output:339689,13,0.0,0.0
output:339691,13,0.0,0.0
output:28983,13,0.0,0.0
output:28980,13,0.0,0.0
output:28976,13,0.0,0.0
output:28988,13,0.0,0.0
output:28989,13,0.0,0.0
output:28986,13,0.0,0.0
output:28984,13,0.0,0.0
output:28975,13,0.0,0.0
output:28973,13,0.0,0.0
output:28971,13,0.0,0.0
output:28969,13,0.0,0.0
output:63643,13,0.0,0.0
output:63970,13,0.0,0.0
output:63971,13,0.0,0.0
output:63974,13,0.0,0.0
output:63975,13,0.0,0.0
output:63972,13,0.0,0.0
output:63973,13,0.0,0.0
output:63976,13,0.0,0.0
output:535134,13,0.0,0.0
output:495295,13,0.0,0.0
output:63453,13,0.0,0.0
output:495311,13,0.0,0.0
output:63449,13,0.0,0.0
output:63451,13,0.0,0.0
output:63445,13,0.0,0.0
output:495301,13,0.0,0.0
output:63440,13,0.0,0.0
output:63433,13,0.0,0.0
output:495320,13,0.0,0.0
output:63435,13,0.0,0.0
output:63429,13,0.0,0.0
output:495313,13,0.0,0.0
output:63427,13,0.0,0.0
output:495330,13,0.0,0.0
output:495354,13,0.0,0.0
output:495350,13,0.0,0.0
output:63456,13,0.0,0.0
output:63457,13,0.0,0.0
output:460107,13,0.0,0.0
output:494799,13,0.0,0.0
output:460119,13,0.0,0.0
output:31132,13,0.0,0.0
output:31128,13,0.0,0.0
output:31131,13,0.0,0.0
output:31130,13,0.0,0.0
output:31127,13,0.0,0.0
output:575749,13,0.0,3.615050421996041
output:575746,13,0.0,0.0
output:257944,13,0.0,0.0
output:257952,13,0.0,0.0
output:257959,13,0.0,0.0
output:576357,13,0.0,0.0
output:576355,13,0.0,0.0
output:576361,13,0.0,0.0
output:224399,13,0.0,0.0
output:225145,13,0.0,0.0
output:132257,13,0.0,0.0
output:132256,13,0.0,0.0
output:132246,13,0.0,0.0
output:132247,13,0.0,0.0
output:132244,13,0.0,0.0
output:132245,13,0.0,0.0
output:132250,13,0.0,0.0
output:132251,13,0.0,0.0
output:132248,13,0.0,0.0
output:132249,13,0.0,0.0
output:132254,13,0.0,0.0
output:132255,13,0.0,0.0
output:132252,13,0.0,0.0
output:132253,13,0.0,0.0
output:64805,13,0.0,0.0
output:64803,13,0.0,0.0
output:64815,13,0.0,0.0
output:64813,13,0.0,0.0
output:64811,13,0.0,0.0
output:64810,13,0.0,0.0
output:64809,13,0.0,0.0
output:64808,13,0.0,0.0
output:64816,13,0.0,0.0
output:64817,13,0.0,0.0
output:339619,13,0.0,0.0
output:339620,13,0.0,0.0
output:339622,13,0.0,0.0
output:339628,13,0.0,0.0
output:339610,13,0.0,0.0
output:339608,13,0.0,0.0
output:339615,13,0.0,0.0
output:339613,13,0.0,0.0
output:339612,13,0.0,0.0
output:495610,13,0.0,0.0
output:495344,13,0.0,0.0
output:175834,14,0.0,-1.0
output:175858,14,0.0,0.0
output:175855,14,0.0,0.0
output:175846,14,0.0,0.0
output:226935,14,0.0,0.0
output:262429,14,0.0,0.0
output:262437,14,0.0,0.0
output:262446,14,0.0,0.0
output:256386,14,0.0,0.0
output:256396,14,0.0,0.0
output:577129,14,0.0,0.0
output:577123,14,0.0,0.0
output:577120,14,0.0,0.0
output:577117,14,0.0,0.0
output:577108,14,0.0,0.0
output:610395,14,0.0,0.0
output:610396,14,0.0,0.0
output:627400,14,0.0,0.0
output:627402,14,0.0,0.0
output:627403,14,0.0,0.0
output:627398,14,0.0,0.0
output:133099,14,0.0,0.0
output:133100,14,0.0,0.0
output:305819,14,0.0,0.0
output:305823,14,0.0,0.0
output:340747,14,0.0,0.0
output:306334,14,0.0,0.0
output:306331,14,0.0,0.0
output:306325,14,0.0,0.0
output:306336,14,0.0,0.0
output:64628,14,0.0,0.0
output:64629,14,0.0,0.0
output:495515,14,0.0,0.0
output:495520,14,0.0,0.0
output:495521,14,0.0,0.0
output:32098,14,0.0,0.0
output:415154,14,0.0,0.0
output:415162,14,0.0,0.0
output:415167,14,0.0,0.0
output:415169,14,0.0,0.0
output:415179,14,0.0,0.0
output:175835,15,0.0,-1.0
output:175851,15,0.0,0.0
output:175853,15,0.0,0.0
output:175843,15,0.0,0.0
output:607590,15,0.0,0.0
output:377035,15,0.0,0.0
output:68435,15,0.0,0.0
output:68438,15,0.0,0.0
output:68439,15,0.0,0.0
output:68436,15,0.0,0.0
output:68437,15,0.0,0.0
output:307478,15,0.0,0.0
output:29907,15,0.0,0.0
output:339177,15,0.0,0.0
output:339180,15,0.0,0.0
output:29227,15,0.0,0.0
output:461013,15,0.0,0.0
output:135921,15,0.0,0.0
output:135923,15,0.0,0.0
output:135925,15,0.0,0.0
output:534860,15,0.0,0.0
output:534858,15,0.0,0.0
output:534864,15,0.0,0.0
output:225430,-1,-1.0,-1.0
output:669426,16,0.0,-1.0
output:669430,16,0.0,0.0
output:669428,16,0.0,0.0
output:807242,16,0.0,0.0
output:807236,16,0.0,0.0
output:807226,16,0.0,0.0
output:807221,16,0.0,0.0
output:807213,16,0.0,0.0
output:807204,16,0.0,0.0
output:807195,16,0.0,0.0
output:807186,16,0.0,0.0
output:807184,16,0.0,0.0
output:807169,16,0.0,0.0
output:807175,16,0.0,0.0
output:670677,16,0.0,0.0
output:577813,16,0.0,0.0
output:577811,16,0.0,0.0
output:577809,16,0.0,0.0
output:807142,16,0.0,0.0
output:807156,16,0.0,0.0
output:807153,16,0.0,0.0
output:807164,16,0.0,0.0
output:807111,16,0.0,0.0
output:807121,16,0.0,0.0
output:807135,16,0.0,0.0
output:256771,16,0.0,0.0
output:628947,16,0.0,0.0
output:256755,16,0.0,0.0
output:377837,16,0.0,0.0
output:377838,16,0.0,0.0
output:627563,16,0.0,0.0
output:225115,16,0.0,0.0
output:818720,16,0.0,0.0
output:131122,16,0.0,0.0
output:373946,16,0.0,0.0
output:131859,16,0.0,0.0
output:131868,16,0.0,0.0
output:131864,16,0.0,0.0
output:709685,16,0.0,0.0
output:307865,16,0.0,0.0
output:307874,16,0.0,0.0
output:1006247,16,0.0,0.0
output:1006242,16,0.0,0.0
output:1006253,16,0.0,0.0
output:1006264,16,0.0,0.0
output:1006235,16,0.0,0.0
output:64830,16,0.0,0.0
output:64831,16,0.0,0.0
output:64829,16,0.0,0.0
output:64827,16,0.0,0.0
output:64825,16,0.0,0.0
output:64833,16,0.0,0.0
output:64835,16,0.0,0.0
output:64838,16,0.0,0.0
output:64840,16,0.0,0.0
output:704686,16,0.0,0.0
output:704683,16,0.0,0.0
output:704692,16,0.0,0.0
output:704689,16,0.0,0.0
output:704691,16,0.0,0.0
output:175857,-1,-1.0,-1.0
output:225459,-1,-1.0,-1.0
output:175639,17,0.0,-1.0
output:175645,17,0.0,0.0
output:175641,17,0.0,0.0
output:175669,17,0.0,0.0
output:175665,17,0.0,0.0
output:175675,17,0.0,0.0
output:175653,17,0.0,0.0
output:175663,17,0.0,0.0
output:175696,17,0.0,0.0
output:175699,17,0.0,0.0
output:175703,17,0.0,0.0
output:175710,17,0.0,0.0
output:175680,17,0.0,0.0
output:175687,17,0.0,0.0
output:261276,17,0.0,0.0
output:261277,17,0.0,0.0
output:261273,17,0.0,0.0
output:261268,17,0.0,0.0
output:261264,17,0.0,0.0
output:261283,17,0.0,0.0
output:227910,17,0.0,0.0
output:227904,17,0.0,0.0
output:227907,17,0.0,0.0
output:227891,17,0.0,0.0
output:227894,17,0.0,0.0
output:227893,17,0.0,0.0
output:227898,17,0.0,0.0
output:227901,17,0.0,0.0
output:227900,17,0.0,0.0
output:64696,17,0.0,0.0
output:175634,18,0.0,-1.0
output:175623,18,0.0,0.0
output:175616,18,0.0,0.0
output:175628,18,0.0,0.0
output:175626,18,0.0,0.0
output:704483,18,0.0,0.0
output:175700,18,0.0,0.0
output:704493,18,0.0,0.0
output:704492,18,0.0,0.0
output:704496,18,0.0,0.0
output:704497,18,0.0,0.0
output:704499,18,0.0,0.0
output:704503,18,0.0,0.0
output:704504,18,0.0,0.0
output:704507,18,0.0,0.0
output:704508,18,0.0,0.0
output:704509,18,0.0,0.0
output:704453,18,0.0,0.0
output:704459,18,0.0,0.0
output:704463,18,0.0,0.0
output:704465,18,0.0,0.0
output:704471,18,0.0,0.0
output:704469,18,0.0,0.0
output:704475,18,0.0,0.0
output:175599,18,0.0,0.0
output:175591,18,0.0,0.0
output:175613,18,0.0,0.0
output:175608,18,0.0,0.0
output:175611,18,0.0,0.0
output:668982,18,0.0,0.0
output:668991,18,0.0,0.0
output:669011,18,0.0,0.0
output:669022,18,0.0,0.0
output:669001,18,0.0,0.0
output:669037,18,0.0,0.0
output:669033,18,0.0,0.0
output:607055,18,0.0,0.0
output:607058,18,0.0,0.0
output:607141,18,0.0,0.0
output:607144,18,0.0,0.0
output:258299,18,0.0,0.0
output:670330,18,0.0,0.0
output:670320,18,0.0,0.0
output:670324,18,0.0,0.0
output:670313,18,0.0,0.0
output:670316,18,0.0,0.0
output:670306,18,0.0,0.0
output:670300,18,0.0,0.0
output:670290,18,0.0,0.0
output:670284,18,0.0,0.0
output:609159,18,0.0,0.0
output:609161,18,0.0,0.0
output:670275,18,0.0,0.0
output:670271,18,0.0,0.0
output:670262,18,0.0,0.0
output:670257,18,0.0,0.0
output:670253,18,0.0,0.0
output:670353,18,0.0,0.0
output:670342,18,0.0,0.0
output:670338,18,0.0,0.0
output:806042,18,0.0,0.0
output:806034,18,0.0,0.0
output:806024,18,0.0,0.0
output:806075,18,0.0,0.0
output:806069,18,0.0,0.0
output:806063,18,0.0,0.0
output:806049,18,0.0,0.0
output:806080,18,0.0,0.0
output:805981,18,0.0,0.0
output:805978,18,0.0,0.0
output:805967,18,0.0,0.0
output:806006,18,0.0,0.0
output:806002,18,0.0,0.0
output:806012,18,0.0,0.0
output:805985,18,0.0,0.0
output:805993,18,0.0,0.0
output:576718,18,0.0,0.0
output:928912,18,0.0,0.0
output:928908,18,0.0,0.0
output:928909,18,0.0,0.0
output:928910,18,0.0,0.0
output:928911,18,0.0,0.0
output:928906,18,0.0,0.0
output:928907,18,0.0,0.0
output:575930,18,0.0,0.0
output:575944,18,0.0,0.0
output:575945,18,0.0,0.0
output:575939,18,0.0,0.0
output:575937,18,0.0,0.0
output:575942,18,0.0,0.0
output:890811,18,0.0,0.0
output:890810,18,0.0,0.0
output:890813,18,0.0,0.0
output:890815,18,0.0,0.0
output:890814,18,0.0,0.0
output:890822,18,0.0,0.0
output:890823,18,0.0,0.0
output:257122,18,0.0,0.0
output:890820,18,0.0,0.0
output:890821,18,0.0,0.0
output:890818,18,0.0,0.0
output:890819,18,0.0,0.0
output:890816,18,0.0,0.0
output:890817,18,0.0,0.0
output:257131,18,0.0,0.0
output:257149,18,0.0,0.0
output:257093,18,0.0,0.0
output:257101,18,0.0,0.0
output:257105,18,0.0,0.0
output:257109,18,0.0,0.0
output:257110,18,0.0,0.0
output:257198,18,0.0,0.0
output:575500,18,0.0,0.0
output:257153,18,0.0,0.0
output:257182,18,0.0,0.0
output:257177,18,0.0,0.0
output:257263,18,0.0,0.0
output:257261,18,0.0,0.0
output:257250,18,0.0,0.0
output:257272,18,0.0,0.0
output:257277,18,0.0,0.0
output:257267,18,0.0,0.0
output:257269,18,0.0,0.0
output:257229,18,0.0,0.0
output:257217,18,0.0,0.0
output:257242,18,0.0,0.0
output:257232,18,0.0,0.0
output:576186,18,0.0,0.0
output:576191,18,0.0,0.0
output:576179,18,0.0,0.0
output:576181,18,0.0,0.0
output:576171,18,0.0,0.0
output:576175,18,0.0,0.0
output:576161,18,0.0,0.0
output:576156,18,0.0,0.0
output:257607,18,0.0,0.0
output:257603,18,0.0,0.0
output:257613,18,0.0,0.0
output:257622,18,0.0,0.0
output:257618,18,0.0,0.0
output:257627,18,0.0,0.0
output:257638,18,0.0,0.0
output:576207,18,0.0,0.0
output:576202,18,0.0,0.0
output:576197,18,0.0,0.0
output:768992,18,0.0,0.0
output:768991,18,0.0,0.0
output:768990,18,0.0,0.0
output:66950,18,0.0,0.0
output:66949,18,0.0,0.0
output:736615,18,0.0,0.0
output:736617,18,0.0,0.0
output:736616,18,0.0,0.0
output:736619,18,0.0,0.0
output:627314,18,0.0,0.0
output:627312,18,0.0,0.0
output:627317,18,0.0,0.0
output:627307,18,0.0,0.0
output:627310,18,0.0,0.0
output:627309,18,0.0,0.0
output:737213,18,0.0,0.0
output:737215,18,0.0,0.0
output:737208,18,0.0,0.0
output:737211,18,0.0,0.0
output:737210,18,0.0,0.0
output:737276,18,0.0,0.0
output:737267,18,0.0,0.0
output:575393,18,0.0,0.0
output:737261,18,0.0,0.0
output:737253,18,0.0,0.0
output:737243,18,0.0,0.0
output:737242,18,0.0,0.0
output:575383,18,0.0,0.0
output:737234,18,0.0,0.0
output:575386,18,0.0,0.0
output:575384,18,0.0,0.0
output:575391,18,0.0,0.0
output:737225,18,0.0,0.0
output:737231,18,0.0,0.0
output:737219,18,0.0,0.0
output:737217,18,0.0,0.0
output:737221,18,0.0,0.0
output:857753,18,0.0,0.0
output:857755,18,0.0,0.0
output:857758,18,0.0,0.0
output:857749,18,0.0,0.0
output:857741,18,0.0,0.0
output:857743,18,0.0,0.0
output:857786,18,0.0,0.0
output:857776,18,0.0,0.0
output:857781,18,0.0,0.0
output:857768,18,0.0,0.0
output:857769,18,0.0,0.0
output:857764,18,0.0,0.0
output:857816,18,0.0,0.0
output:857818,18,0.0,0.0
output:857810,18,0.0,0.0
output:857804,18,0.0,0.0
output:857796,18,0.0,0.0
output:857843,18,0.0,0.0
output:857842,18,0.0,0.0
output:857840,18,0.0,0.0
output:857833,18,0.0,0.0
output:857826,18,0.0,0.0
output:224688,18,0.0,0.0
output:224678,18,0.0,0.0
output:224672,18,0.0,0.0
output:224675,18,0.0,0.0
output:224684,18,0.0,0.0
output:224682,18,0.0,0.0
output:224938,18,0.0,0.0
output:224939,18,0.0,0.0
output:224936,18,0.0,0.0
output:224940,18,0.0,0.0
output:627978,18,0.0,0.0
output:627977,18,0.0,0.0
output:627983,18,0.0,0.0
output:627982,18,0.0,0.0
output:627981,18,0.0,0.0
output:627980,18,0.0,0.0
output:627975,18,0.0,0.0
output:627973,18,0.0,0.0
output:627986,18,0.0,0.0
output:627985,18,0.0,0.0
output:627988,18,0.0,0.0
output:737286,18,0.0,0.0
output:737280,18,0.0,0.0
output:373468,18,0.0,0.0
output:373466,18,0.0,0.0
output:373467,18,0.0,0.0
output:737763,18,0.0,0.0
output:497099,18,0.0,0.0
output:737770,18,0.0,0.0
output:497113,18,0.0,0.0
output:737776,18,0.0,0.0
output:497106,18,0.0,0.0
output:497110,18,0.0,0.0
output:497129,18,0.0,0.0
output:737730,18,0.0,0.0
output:737733,18,0.0,0.0
output:497134,18,0.0,0.0
output:737737,18,0.0,0.0
output:497123,18,0.0,0.0
output:737742,18,0.0,0.0
output:737745,18,0.0,0.0
output:497148,18,0.0,0.0
output:737756,18,0.0,0.0
output:497143,18,0.0,0.0
output:737758,18,0.0,0.0
output:497141,18,0.0,0.0
output:131325,18,0.0,0.0
output:131326,18,0.0,0.0
output:131327,18,0.0,0.0
output:374097,18,0.0,0.0
output:131328,18,0.0,0.0
output:374096,18,0.0,0.0
output:131329,18,0.0,0.0
output:374099,18,0.0,0.0
output:131330,18,0.0,0.0
output:374098,18,0.0,0.0
output:131331,18,0.0,0.0
output:374101,18,0.0,0.0
output:131332,18,0.0,0.0
output:374100,18,0.0,0.0
output:131333,18,0.0,0.0
output:131334,18,0.0,0.0
output:374102,18,0.0,0.0
output:131335,18,0.0,0.0
output:374342,18,0.0,0.0
output:374343,18,0.0,0.0
output:374341,18,0.0,0.0
output:374339,18,0.0,0.0
output:738591,18,0.0,0.0
output:306080,18,0.0,0.0
output:306087,18,0.0,0.0
output:306093,18,0.0,0.0
output:306102,18,0.0,0.0
output:923088,18,0.0,0.0
output:923089,18,0.0,0.0
output:923090,18,0.0,0.0
output:923091,18,0.0,0.0
output:923092,18,0.0,0.0
output:923085,18,0.0,0.0
output:923084,18,0.0,0.0
output:923087,18,0.0,0.0
output:923086,18,0.0,0.0
output:374893,18,0.0,0.0
output:374894,18,0.0,0.0
output:374895,18,0.0,0.0
output:374897,18,0.0,0.0
output:374896,18,0.0,0.0
output:374899,18,0.0,0.0
output:374898,18,0.0,0.0
output:374900,18,0.0,0.0
output:816707,18,0.0,0.0
output:816721,18,0.0,0.0
output:816725,18,0.0,0.0
output:816731,18,0.0,0.0
output:816740,18,0.0,0.0
output:816744,18,0.0,0.0
output:816655,18,0.0,0.0
output:816651,18,0.0,0.0
output:816665,18,0.0,0.0
output:340051,18,0.0,0.0
output:340053,18,0.0,0.0
output:816681,18,0.0,0.0
output:816696,18,0.0,0.0
output:770744,18,0.0,0.0
output:770745,18,0.0,0.0
output:770746,18,0.0,0.0
output:770747,18,0.0,0.0
output:770748,18,0.0,0.0
output:770749,18,0.0,0.0
output:770738,18,0.0,0.0
output:770739,18,0.0,0.0
output:770740,18,0.0,0.0
output:770741,18,0.0,0.0
output:770742,18,0.0,0.0
output:770743,18,0.0,0.0
output:816638,18,0.0,0.0
output:816634,18,0.0,0.0
output:816627,18,0.0,0.0
output:816620,18,0.0,0.0
output:816613,18,0.0,0.0
output:923320,18,0.0,0.0
output:923321,18,0.0,0.0
output:923322,18,0.0,0.0
output:923323,18,0.0,0.0
output:923324,18,0.0,0.0
output:923325,18,0.0,0.0
output:923326,18,0.0,0.0
output:923327,18,0.0,0.0
output:923318,18,0.0,0.0
output:923319,18,0.0,0.0
output:923336,18,0.0,0.0
output:923335,18,0.0,0.0
output:923334,18,0.0,0.0
output:923333,18,0.0,0.0
output:923332,18,0.0,0.0
output:923331,18,0.0,0.0
output:923330,18,0.0,0.0
output:923329,18,0.0,0.0
output:923328,18,0.0,0.0
output:28137,18,0.0,0.0
output:28142,18,0.0,0.0
output:28141,18,0.0,0.0
output:307088,18,0.0,0.0
output:307089,18,0.0,0.0
output:307013,18,0.0,0.0
output:306983,18,0.0,0.0
output:983575,18,0.0,0.0
output:306991,18,0.0,0.0
output:306995,18,0.0,0.0
output:983559,18,0.0,0.0
output:307006,18,0.0,0.0
output:983600,18,0.0,0.0
output:306969,18,0.0,0.0
output:306975,18,0.0,0.0
output:983591,18,0.0,0.0
output:983520,18,0.0,0.0
output:983536,18,0.0,0.0
output:983541,18,0.0,0.0
output:983499,18,0.0,0.0
output:983511,18,0.0,0.0
output:983485,18,0.0,0.0
output:306206,18,0.0,0.0
output:306212,18,0.0,0.0
output:306208,18,0.0,0.0
output:914559,18,0.0,0.0
output:967024,18,0.0,0.0
output:967032,18,0.0,0.0
output:30679,18,0.0,0.0
output:30678,18,0.0,0.0
output:30684,18,0.0,0.0
output:30687,18,0.0,0.0
output:30686,18,0.0,0.0
output:30681,18,0.0,0.0
output:30680,18,0.0,0.0
output:30683,18,0.0,0.0
output:30682,18,0.0,0.0
output:30693,18,0.0,0.0
output:30691,18,0.0,0.0
output:30689,18,0.0,0.0
output:967116,18,0.0,0.0
output:967110,18,0.0,0.0
output:967096,18,0.0,0.0
output:967091,18,0.0,0.0
output:967081,18,0.0,0.0
output:967069,18,0.0,0.0
output:967057,18,0.0,0.0
output:967062,18,0.0,0.0
output:914560,18,0.0,0.0
output:914561,18,0.0,0.0
output:967042,18,0.0,0.0
output:307224,18,0.0,0.0
output:307667,18,0.0,0.0
output:307662,18,0.0,0.0
output:913592,18,0.0,0.0
output:339410,18,0.0,0.0
output:339412,18,0.0,0.0
output:339416,18,0.0,0.0
output:339405,18,0.0,0.0
output:339406,18,0.0,0.0
output:64280,18,0.0,0.0
output:64281,18,0.0,0.0
output:64282,18,0.0,0.0
output:64283,18,0.0,0.0
output:64284,18,0.0,0.0
output:64285,18,0.0,0.0
output:64286,18,0.0,0.0
output:64287,18,0.0,0.0
output:64299,18,0.0,0.0
output:64298,18,0.0,0.0
output:64296,18,0.0,0.0
output:64300,18,0.0,0.0
output:64291,18,0.0,0.0
output:64289,18,0.0,0.0
output:64295,18,0.0,0.0
output:64294,18,0.0,0.0
output:64293,18,0.0,0.0
output:64292,18,0.0,0.0
output:533633,18,0.0,0.0
output:533639,18,0.0,0.0
output:533636,18,0.0,0.0
output:533659,18,0.0,0.0
output:533663,18,0.0,0.0
output:533650,18,0.0,0.0
output:533678,18,0.0,0.0
output:533668,18,0.0,0.0
output:339638,18,0.0,0.0
output:339606,18,0.0,0.0
output:339605,18,0.0,0.0
output:914168,18,0.0,0.0
output:914161,18,0.0,0.0
output:914160,18,0.0,0.0
output:914163,18,0.0,0.0
output:914162,18,0.0,0.0
output:914165,18,0.0,0.0
output:914164,18,0.0,0.0
output:914167,18,0.0,0.0
output:914166,18,0.0,0.0
output:339482,18,0.0,0.0
output:339486,18,0.0,0.0
output:914158,18,0.0,0.0
output:914159,18,0.0,0.0
output:533631,18,0.0,0.0
output:339478,18,0.0,0.0
output:63119,18,0.0,0.0
output:63116,18,0.0,0.0
output:63117,18,0.0,0.0
output:63121,18,0.0,0.0
output:63120,18,0.0,0.0
output:704548,18,0.0,0.0
output:704545,18,0.0,0.0
output:413897,18,0.0,0.0
output:704518,18,0.0,0.0
output:704516,18,0.0,0.0
output:704512,18,0.0,0.0
output:704522,18,0.0,0.0
output:704520,18,0.0,0.0
output:704532,18,0.0,0.0
output:704529,18,0.0,0.0
output:704542,18,0.0,0.0
output:704538,18,0.0,0.0
output:413833,18,0.0,0.0
output:413846,18,0.0,0.0
output:413867,18,0.0,0.0
output:413869,18,0.0,0.0
output:413862,18,0.0,0.0
output:413884,18,0.0,0.0
output:413786,18,0.0,0.0
output:413798,18,0.0,0.0
output:413816,18,0.0,0.0
output:534751,18,0.0,0.0
output:534744,18,0.0,0.0
output:534732,18,0.0,0.0
output:534756,18,0.0,0.0
output:705511,18,0.0,0.0
output:1003645,18,0.0,0.0
output:1003646,18,0.0,0.0
output:1003642,18,0.0,0.0
output:1003636,18,0.0,0.0
output:1003628,18,0.0,0.0
output:1003631,18,0.0,0.0
output:1003621,18,0.0,0.0
output:1003623,18,0.0,0.0
output:1003617,18,0.0,0.0
output:494843,18,0.0,0.0
output:494844,18,0.0,0.0
output:705118,18,0.0,0.0
output:705114,18,0.0,0.0
output:705115,18,0.0,0.0
output:705124,18,0.0,0.0
output:705126,18,0.0,0.0
output:705121,18,0.0,0.0
output:705135,18,0.0,0.0
output:705131,18,0.0,0.0
output:705138,18,0.0,0.0
output:705149,18,0.0,0.0
output:705145,18,0.0,0.0
output:705160,18,0.0,0.0
output:705164,18,0.0,0.0
output:705154,18,0.0,0.0
output:705182,18,0.0,0.0
output:705168,18,0.0,0.0
output:705173,18,0.0,0.0
output:705185,18,0.0,0.0
output:705191,18,0.0,0.0
output:705210,18,0.0,0.0
output:705214,18,0.0,0.0
output:705201,18,0.0,0.0
output:705205,18,0.0,0.0
output:705229,18,0.0,0.0
output:705224,18,0.0,0.0
output:1003668,18,0.0,0.0
output:705225,18,0.0,0.0
output:705222,18,0.0,0.0
output:1003673,18,0.0,0.0
output:705218,18,0.0,0.0
output:705219,18,0.0,0.0
output:1003649,18,0.0,0.0
output:1003653,18,0.0,0.0
output:1003656,18,0.0,0.0
output:1003662,18,0.0,0.0
output:705232,18,0.0,0.0
output:459598,18,0.0,0.0
output:459593,18,0.0,0.0
output:459619,18,0.0,0.0
output:459639,18,0.0,0.0
output:459570,18,0.0,0.0
output:459719,18,0.0,0.0
output:459661,18,0.0,0.0
output:459674,18,0.0,0.0
output:459685,18,0.0,0.0
output:459702,18,0.0,0.0
output:1004628,18,0.0,0.0
output:1004624,18,0.0,0.0
output:1004635,18,0.0,0.0
output:1004662,18,0.0,0.0
output:1004656,18,0.0,0.0
output:1004666,18,0.0,0.0
output:1004642,18,0.0,0.0
output:1004649,18,0.0,0.0
output:1004696,18,0.0,0.0
output:1004681,18,0.0,0.0
output:1004685,18,0.0,0.0
output:1004673,18,0.0,0.0
output:225372,19,0.0,-1.0
output:378127,19,0.0,0.0
output:378128,19,0.0,0.0
output:914665,19,0.0,0.0
output:1003854,19,0.0,0.0
output:1003867,19,0.0,0.0
output:1003861,19,0.0,0.0
output:1003886,19,0.0,0.0
output:1003876,19,0.0,0.0
output:608252,-1,-1.0,-1.0
output:312354,20,0.0,-1.0
output:312365,20,0.0,0.0
output:70141,20,0.0,0.0
output:70143,20,0.0,0.0
output:70136,20,0.0,0.0
output:226866,20,0.0,0.0
output:256815,20,0.0,0.0
output:257531,20,0.0,0.0
output:377170,20,0.0,0.0
output:377169,20,0.0,0.0
output:257544,20,0.0,0.0
output:257550,20,0.0,0.0
output:257557,20,0.0,0.0
output:630081,20,0.0,0.0
output:576103,20,0.0,0.0
output:576099,20,0.0,0.0
output:576111,20,0.0,0.0
output:576108,20,0.0,0.0
output:576083,20,0.0,0.0
output:576088,20,0.0,0.0
output:224335,20,0.0,0.0
output:224337,20,0.0,0.0
output:224340,20,0.0,0.0
output:224342,20,0.0,0.0
output:176251,20,0.0,0.0
output:176241,20,0.0,0.0
output:176264,20,0.0,0.0
output:496836,20,0.0,0.0
output:373817,20,0.0,0.0
output:374002,20,0.0,0.0
output:131684,20,0.0,0.0
output:131685,20,0.0,0.0
output:131686,20,0.0,0.0
output:131687,20,0.0,0.0
output:131688,20,0.0,0.0
output:131689,20,0.0,0.0
output:131690,20,0.0,0.0
output:131691,20,0.0,0.0
output:131692,20,0.0,0.0
output:495862,20,0.0,0.0
output:495846,20,0.0,0.0
output:495852,20,0.0,0.0
output:340496,20,0.0,0.0
output:340483,20,0.0,0.0
output:340491,20,0.0,0.0
output:416720,20,0.0,0.0
output:416727,20,0.0,0.0
output:135478,20,0.0,0.0
output:339056,20,0.0,0.0
output:339058,20,0.0,0.0
output:339059,20,0.0,0.0
output:534651,20,0.0,0.0
output:534647,20,0.0,0.0
output:31455,20,0.0,0.0
output:31456,20,0.0,0.0
output:31457,20,0.0,0.0
output:459023,20,0.0,0.0
output:459035,20,0.0,0.0
output:704390,-1,-1.0,-1.0
output:608205,21,0.0,-1.0
output:608204,21,0.0,0.0
output:496189,21,0.0,0.0
output:340012,21,0.0,0.0
output:307335,21,0.0,0.0
output:534112,21,0.0,0.0
output:260606,-1,-1.0,-1.0
output:260607,-1,-1.0,-1.0
output:225390,-1,-1.0,-1.0
output:225391,-1,-1.0,-1.0
output:260499,22,0.0,-1.0
output:260511,22,0.0,0.0
output:576304,22,0.0,0.0
output:576306,22,0.0,0.0
output:576312,22,0.0,0.0
output:65518,22,0.0,0.0
output:63842,22,0.0,0.0
output:175711,-1,-1.0,-1.0
output:175682,-1,-1.0,-1.0
output:175685,-1,-1.0,-1.0
output:225283,-1,-1.0,-1.0
output:70387,-1,-1.0,-1.0
output:69921,-1,-1.0,-1.0
output:69922,-1,-1.0,-1.0
output:226281,-1,-1.0,-1.0
output:226277,-1,-1.0,-1.0
output:226273,-1,-1.0,-1.0
output:175503,-1,-1.0,-1.0
output:669105,23,0.0,-1.0
output:669107,23,0.0,0.0
output:669099,23,0.0,0.0
output:577615,23,0.0,0.0
output:577620,23,0.0,0.0
output:577624,23,0.0,0.0
output:259773,23,0.0,0.0
output:259758,23,0.0,0.0
output:769438,23,0.0,0.0
output:256543,23,0.0,0.0
output:256560,23,0.0,0.0
output:66913,23,0.0,0.0
output:66912,23,0.0,0.0
output:892828,23,0.0,0.0
output:224677,23,0.0,0.0
output:224674,23,0.0,0.0
output:412347,23,0.0,0.0
output:412340,23,0.0,0.0
output:131247,23,0.0,0.0
output:131248,23,0.0,0.0
output:131249,23,0.0,0.0
output:818015,23,0.0,0.0
output:818007,23,0.0,0.0
output:818031,23,0.0,0.0
output:818035,23,0.0,0.0
output:496559,23,0.0,0.0
output:131781,23,0.0,0.0
output:771063,23,0.0,0.0
output:28540,23,0.0,0.0
output:30329,23,0.0,0.0
output:707562,23,0.0,0.0
output:707579,23,0.0,0.0
output:707572,23,0.0,0.0
output:307383,23,0.0,0.0
output:307433,23,0.0,0.0
output:307395,23,0.0,0.0
output:307403,23,0.0,0.0
output:307409,23,0.0,0.0
output:307422,23,0.0,0.0
output:307420,23,0.0,0.0
output:707610,23,0.0,0.0
output:707604,23,0.0,0.0
output:707598,23,0.0,0.0
output:707595,23,0.0,0.0
output:707588,23,0.0,0.0
output:707584,23,0.0,0.0
output:828919,23,0.0,0.0
output:828926,23,0.0,0.0
output:828896,23,0.0,0.0
output:828909,23,0.0,0.0
output:460806,23,0.0,0.0
output:460805,23,0.0,0.0
output:63176,23,0.0,0.0
output:535372,23,0.0,0.0
output:535363,23,0.0,0.0
output:535365,23,0.0,0.0
output:535379,23,0.0,0.0
output:535382,23,0.0,0.0
output:535356,23,0.0,0.0
output:460797,23,0.0,0.0
output:1005411,23,0.0,0.0
output:1005408,23,0.0,0.0
output:1005417,23,0.0,0.0
output:1005421,23,0.0,0.0
output:1005426,23,0.0,0.0
output:1005430,23,0.0,0.0
output:1005436,23,0.0,0.0
output:1005401,23,0.0,0.0
output:1005454,23,0.0,0.0
output:1005446,23,0.0,0.0
output:1005443,23,0.0,0.0
output:1005464,23,0.0,0.0
output:1005457,23,0.0,0.0
output:226244,-1,-1.0,-1.0
output:175514,-1,-1.0,-1.0
output:669089,24,0.0,-1.0
output:174820,24,0.0,0.0
output:670159,24,0.0,0.0
output:670152,24,0.0,0.0
output:859511,24,0.0,0.0
output:131237,24,0.0,0.0
output:1003275,24,0.0,0.0
output:375401,24,0.0,0.0
output:828135,24,0.0,0.0
output:226221,25,0.0,-1.0
output:226220,25,0.0,0.0
output:226222,25,0.0,0.0
output:174943,25,0.0,0.0
output:174610,25,0.0,0.0
output:64822,25,0.0,0.0
output:64823,25,0.0,0.0
output:64828,25,0.0,0.0
output:64826,25,0.0,0.0
output:64824,25,0.0,0.0
output:64832,25,0.0,0.0
output:64834,25,0.0,0.0
output:64837,25,0.0,0.0
output:64839,25,0.0,0.0
output:135654,25,0.0,0.0
output:135655,25,0.0,0.0
output:135653,25,0.0,0.0
output:309921,25,0.0,0.0
output:71538,25,0.0,17.88313836593232
output:670889,25,0.0,0.0
output:670884,25,0.0,0.0
output:859226,25,0.0,0.0
output:859230,25,0.0,0.0
output:737882,25,0.0,0.0
output:737881,25,0.0,0.0
output:707206,25,0.0,0.0
output:226210,-1,-1.0,-1.0
output:226188,26,16.326395176735574,-1.0
output:177367,26,16.326395176735574,16.326395176735574
output:495790,26,16.326395176735574,16.326395176735574
output:495955,26,16.326395176735574,16.326395176735574
output:133681,26,16.326395176735574,16.326395176735574
output:495555,26,16.326395176735574,16.326395176735574
output:175555,-1,-1.0,-1.0
output:175552,-1,-1.0,-1.0
output:175577,-1,-1.0,-1.0
output:70060,-1,-1.0,-1.0
output:264829,-1,-1.0,-1.0
output:70055,-1,-1.0,-1.0
output:607433,27,0.0,-1.0
output:607432,27,0.0,0.0
output:628383,27,0.0,0.0
output:628382,27,0.0,0.0
output:628384,27,0.0,0.0
output:133001,27,0.0,0.0
output:133003,27,0.0,0.0
output:133002,27,0.0,0.0
output:374190,27,0.0,0.0
output:374189,27,0.0,0.0
output:374192,27,0.0,0.0
output:30044,27,0.0,0.0
output:30046,27,0.0,0.0
output:64718,27,0.0,0.0
output:64717,27,0.0,0.0
output:607437,28,0.0,-1.0
output:418489,28,0.0,0.0
output:374418,28,0.0,0.0
output:374416,28,0.0,0.0
output:374417,28,0.0,0.0
output:374415,28,0.0,0.0
output:70067,-1,-1.0,-1.0
output:226119,29,0.0,-1.0
output:226113,29,0.0,0.0
output:226123,29,0.0,0.0
output:226108,29,0.0,0.0
output:629397,29,0.0,0.0
output:537098,29,0.0,0.0
output:497748,29,0.0,0.0
output:175461,30,0.0,-1.0
output:175462,30,0.0,0.0
output:175457,30,0.0,0.0
output:175458,30,0.0,0.0
output:175469,30,0.0,0.0
output:175438,30,0.0,0.0
output:175445,30,0.0,0.0
output:227028,30,0.0,0.0
output:227030,30,0.0,0.0
output:227024,30,0.0,0.0
output:227026,30,0.0,0.0
output:227027,30,0.0,0.0
output:227032,30,0.0,0.0
output:67073,30,0.0,0.0
output:67074,30,0.0,0.0
output:257412,30,0.0,0.0
output:498380,30,0.0,0.0
output:498391,30,0.0,0.0
output:498339,30,0.0,0.0
output:498347,30,0.0,0.0
output:498360,30,0.0,0.0
output:498365,30,0.0,0.0
output:498307,30,0.0,0.0
output:498315,30,0.0,0.0
output:498329,30,0.0,0.0
output:498297,30,0.0,0.0
output:30252,30,0.0,0.0
output:416861,30,0.0,0.0
output:416855,30,0.0,0.0
output:416849,30,0.0,0.0
output:416868,30,0.0,0.0
output:416864,30,0.0,0.0
output:260780,-1,-1.0,-1.0
output:70142,31,18.472726115515385,-1.0
output:70139,31,18.472726115515385,18.472726115515385
output:495933,31,18.472726115515385,18.472726115515385
output:308515,31,18.472726115515385,18.472726115515385
output:308506,31,18.472726115515385,18.472726115515385
output:175317,31,0.0,18.472726115515385
output:174938,31,0.0,0.0
output:178237,31,0.0,0.0
output:627619,31,0.0,0.0
output:496460,31,0.0,0.0
output:535727,31,0.0,0.0
output:229443,31,0.0,0.0
output:607365,32,0.0,-1.0
output:607363,32,0.0,0.0
output:262671,32,0.0,0.0
output:262677,32,0.0,0.0
output:669963,32,0.0,0.0
output:669953,32,0.0,0.0
output:669970,32,0.0,0.0
output:669974,32,0.0,0.0
output:669996,32,0.0,0.0
output:669985,32,0.0,0.0
output:670008,32,0.0,0.0
output:669817,32,0.0,0.0
output:669808,32,0.0,0.0
output:669796,32,0.0,0.0
output:669910,32,0.0,0.0
output:669907,32,0.0,0.0
output:669916,32,0.0,0.0
output:669888,32,0.0,0.0
output:669901,32,0.0,0.0
output:669897,32,0.0,0.0
output:669939,32,0.0,0.0
output:669920,32,0.0,0.0
output:669928,32,0.0,0.0
output:669845,32,0.0,0.0
output:669850,32,0.0,0.0
output:669826,32,0.0,0.0
output:669836,32,0.0,0.0
output:669872,32,0.0,0.0
output:669880,32,0.0,0.0
output:669863,32,0.0,0.0
output:66108,32,0.0,0.0
output:858700,32,0.0,0.0
output:858692,32,0.0,0.0
output:858689,32,0.0,0.0
output:858711,32,0.0,0.0
output:858705,32,0.0,0.0
output:806559,32,0.0,0.0
output:806552,32,0.0,0.0
output:806551,32,0.0,0.0
output:806541,32,0.0,0.0
output:806542,32,0.0,0.0
output:806529,32,0.0,0.0
output:806514,32,0.0,0.0
output:806512,32,0.0,0.0
output:806527,32,0.0,0.0
output:577078,32,0.0,0.0
output:577065,32,0.0,0.0
output:577071,32,0.0,0.0
output:577060,32,0.0,0.0
output:577050,32,0.0,0.0
output:577054,32,0.0,0.0
output:377157,32,0.0,0.0
output:377156,32,0.0,0.0
output:857030,32,0.0,0.0
output:857027,32,0.0,0.0
output:857024,32,0.0,0.0
output:891020,32,0.0,0.0
output:891021,32,0.0,0.0
output:891022,32,0.0,0.0
output:891023,32,0.0,0.0
output:891016,32,0.0,0.0
output:891017,32,0.0,0.0
output:891018,32,0.0,0.0
output:891019,32,0.0,0.0
output:891013,32,0.0,0.0
output:891014,32,0.0,0.0
output:891015,32,0.0,0.0
output:177406,32,0.0,0.0
output:177403,32,0.0,0.0
output:891025,32,0.0,0.0
output:891024,32,0.0,0.0
output:177426,32,0.0,0.0
output:177431,32,0.0,0.0
output:177415,32,0.0,0.0
output:177417,32,0.0,0.0
output:736941,32,0.0,0.0
output:736939,32,0.0,0.0
output:736937,32,0.0,0.0
output:736935,32,0.0,0.0
output:736945,32,0.0,0.0
output:736944,32,0.0,0.0
output:628695,32,0.0,0.0
output:628694,32,0.0,0.0
output:628693,32,0.0,0.0
output:497339,32,0.0,0.0
output:497343,32,0.0,0.0
output:497331,32,0.0,0.0
output:497335,32,0.0,0.0
output:131399,32,0.0,0.0
output:131404,32,0.0,0.0
output:131400,32,0.0,0.0
output:131402,32,0.0,0.0
output:923870,32,0.0,0.0
output:923871,32,0.0,0.0
output:923868,32,0.0,0.0
output:923869,32,0.0,0.0
output:923888,32,0.0,0.0
output:923889,32,0.0,0.0
output:923873,32,0.0,0.0
output:923872,32,0.0,0.0
output:923875,32,0.0,0.0
output:923874,32,0.0,0.0
output:923877,32,0.0,0.0
output:923876,32,0.0,0.0
output:923879,32,0.0,0.0
output:923878,32,0.0,0.0
output:923881,32,0.0,0.0
output:923880,32,0.0,0.0
output:923883,32,0.0,0.0
output:923882,32,0.0,0.0
output:923885,32,0.0,0.0
output:923884,32,0.0,0.0
output:923887,32,0.0,0.0
output:923886,32,0.0,0.0
output:374403,32,0.0,0.0
output:374402,32,0.0,0.0
output:374401,32,0.0,0.0
output:374407,32,0.0,0.0
output:374406,32,0.0,0.0
output:374405,32,0.0,0.0
output:374404,32,0.0,0.0
output:738566,32,0.0,0.0
output:738561,32,0.0,0.0
output:738563,32,0.0,0.0
output:738571,32,0.0,0.0
output:738582,32,0.0,0.0
output:738576,32,0.0,0.0
output:770370,32,0.0,0.0
output:770371,32,0.0,0.0
output:770372,32,0.0,0.0
output:770373,32,0.0,0.0
output:770374,32,0.0,0.0
output:770376,32,0.0,0.0
output:770377,32,0.0,0.0
output:770378,32,0.0,0.0
output:770379,32,0.0,0.0
output:770381,32,0.0,0.0
output:770383,32,0.0,0.0
output:306239,32,0.0,0.0
output:64088,32,0.0,0.0
output:64086,32,0.0,0.0
output:64087,32,0.0,0.0
output:64084,32,0.0,0.0
output:64085,32,0.0,0.0
output:64083,32,0.0,0.0
output:135405,32,0.0,0.0
output:135406,32,0.0,0.0
output:135407,32,0.0,0.0
output:533951,32,0.0,0.0
output:533960,32,0.0,0.0
output:533954,32,0.0,0.0
output:339722,32,0.0,0.0
output:495524,32,0.0,0.0
output:414522,32,0.0,0.0
output:414506,32,0.0,0.0
output:414490,32,0.0,0.0
output:414475,32,0.0,0.0
output:31581,32,0.0,0.0
output:31578,32,0.0,0.0
output:31579,32,0.0,0.0
output:459759,32,0.0,0.0
output:916246,32,0.0,0.0
output:916247,32,0.0,0.0
output:260795,-1,-1.0,-1.0
output:260742,-1,-1.0,-1.0
output:226013,33,0.0,-1.0
output:226014,33,0.0,0.0
output:226011,33,0.0,0.0
output:576943,33,0.0,0.0
output:576950,33,0.0,0.0
output:67335,33,0.0,0.0
output:67333,33,0.0,0.0
output:67332,33,0.0,0.0
output:67331,33,0.0,0.0
output:374524,33,0.0,0.0
output:374525,33,0.0,0.0
output:374521,33,0.0,0.0
output:374522,33,0.0,0.0
output:374516,33,0.0,0.0
output:374519,33,0.0,0.0
output:374514,33,0.0,0.0
output:498817,33,0.0,0.0
output:498795,33,0.0,0.0
output:498799,33,0.0,0.0
output:498803,33,0.0,0.0
output:498811,33,0.0,0.0
output:415780,33,0.0,0.0
output:460950,33,0.0,0.0
output:460896,33,0.0,0.0
output:460921,33,0.0,0.0
output:535734,33,0.0,0.0
output:535726,33,0.0,0.0
output:535717,33,0.0,0.0
output:175259,-1,-1.0,-1.0
output:175262,-1,-1.0,-1.0
output:225998,-1,-1.0,-1.0
output:225993,34,0.0,-1.0
output:607108,34,0.0,0.0
output:67871,34,0.0,0.0
output:67873,34,0.0,0.0
output:67872,34,0.0,0.0
output:177638,34,0.0,0.0
output:499112,34,0.0,0.0
output:339066,34,0.0,0.0
output:225984,35,0.0,-1.0
output:225983,35,0.0,0.0
output:311309,35,0.0,0.0
output:311296,35,0.0,0.0
output:311300,35,0.0,0.0
output:311322,35,0.0,0.0
output:311324,35,0.0,0.0
output:311317,35,0.0,0.0
output:311339,35,0.0,0.0
output:311335,35,0.0,0.0
output:311346,35,0.0,0.0
output:33225,35,0.0,0.0
output:65822,35,0.0,0.0
output:65820,35,0.0,0.0
output:629972,35,0.0,0.0
output:857703,35,0.0,0.0
output:857699,35,0.0,0.0
output:412532,35,0.0,0.0
output:740294,35,0.0,0.0
output:340624,35,0.0,0.0
output:340623,35,0.0,0.0
output:340622,35,0.0,0.0
output:133459,35,0.0,0.0
output:311294,35,0.0,0.0
output:311289,35,0.0,0.0
output:311281,35,0.0,0.0
output:260927,-1,-1.0,-1.0
output:225967,-1,-1.0,-1.0
output:225924,-1,-1.0,-1.0
output:607691,36,0.0,-1.0
output:607690,36,0.0,0.0
output:607689,36,0.0,0.0
output:607692,36,0.0,0.0
output:225843,36,0.0,0.0
output:174654,36,0.0,0.0
output:174644,36,0.0,0.0
output:259470,36,0.0,0.0
output:259482,36,0.0,0.0
output:826900,36,0.0,0.0
output:891157,36,0.0,0.0
output:857382,36,0.0,0.0
output:857378,36,0.0,0.0
output:857384,36,0.0,0.0
output:131242,36,0.0,0.0
output:1003381,36,0.0,0.0
output:1003387,36,0.0,0.0
output:132060,36,0.0,0.0
output:340405,36,0.0,0.0
output:28604,36,0.0,0.0
output:28605,36,0.0,0.0
output:307044,36,0.0,0.0
output:307021,36,0.0,0.0
output:307025,36,0.0,0.0
output:307033,36,0.0,0.0
output:339174,36,0.0,0.0
output:533552,36,0.0,0.0
output:914338,36,0.0,0.0
output:914339,36,0.0,0.0
output:914337,36,0.0,0.0
output:495529,36,0.0,0.0
output:495523,36,0.0,0.0
output:62999,36,0.0,0.0
output:63002,36,0.0,0.0
output:63000,36,0.0,0.0
output:63001,36,0.0,0.0
output:414967,36,0.0,0.0
output:576756,36,6.516804599879699,6.516804599879699
output:607695,37,0.0,-1.0
output:607693,37,0.0,0.0
output:607699,37,0.0,0.0
output:607696,37,0.0,0.0
output:261370,37,0.0,0.0
output:179888,37,0.0,0.0
output:379013,37,0.0,0.0
output:737696,37,0.0,0.0
output:737690,37,0.0,0.0
output:412560,37,0.0,0.0
output:818192,37,0.0,0.0
output:938502,37,0.0,0.0
output:306526,37,0.0,0.0
output:306531,37,0.0,0.0
output:967551,37,0.0,0.0
output:307545,37,0.0,0.0
output:307548,37,0.0,0.0
output:307530,37,0.0,0.0
output:307533,37,0.0,0.0
output:829282,37,0.0,0.0
output:829272,37,0.0,0.0
output:135625,37,0.0,0.0
output:135626,37,0.0,0.0
output:673143,37,0.0,0.0
output:673124,37,0.0,0.0
output:673135,37,0.0,0.0
output:673152,37,0.0,0.0
output:705398,37,0.0,0.0
output:261092,-1,-1.0,-1.0
output:225877,38,0.0,-1.0
output:225874,38,0.0,0.0
output:225868,38,0.0,0.0
output:225870,38,0.0,0.0
output:225871,38,0.0,0.0
output:225866,38,0.0,0.0
output:259006,38,0.0,0.0
output:256947,38,0.0,0.0
output:628507,38,0.0,0.0
output:628505,38,0.0,0.0
output:628502,38,0.0,0.0
output:628503,38,0.0,0.0
output:628500,38,0.0,0.0
output:536903,38,0.0,0.0
output:536898,38,0.0,0.0
output:536891,38,0.0,0.0
output:536886,38,0.0,0.0
output:536874,38,0.0,0.0
output:415829,38,0.0,0.0
output:69785,-1,-1.0,-1.0
output:69786,-1,-1.0,-1.0
output:175112,-1,-1.0,-1.0
output:175119,-1,-1.0,-1.0
output:607631,39,0.0,-1.0
output:607630,39,0.0,0.0
output:258590,39,0.0,0.0
output:982809,39,0.0,0.0
output:890833,39,0.0,0.0
output:805834,39,0.0,0.0
output:805846,39,0.0,0.0
output:861127,39,0.0,0.0
output:306217,39,0.0,0.0
output:797894,39,0.0,0.0
output:135835,39,0.0,0.0
output:830074,39,0.0,0.0
output:830081,39,0.0,0.0
output:175192,-1,-1.0,-1.0
output:226710,40,0.0,-1.0
output:226718,40,0.0,0.0
output:226714,40,0.0,0.0
output:226712,40,0.0,0.0
output:629487,40,0.0,0.0
output:629485,40,0.0,0.0
output:629491,40,0.0,0.0
output:629488,40,0.0,0.0
output:629495,40,0.0,0.0
output:629493,40,0.0,0.0
output:257645,40,0.0,0.0
output:176204,40,0.0,0.0
output:176197,40,0.0,0.0
output:176157,40,0.0,0.0
output:176173,40,0.0,0.0
output:176184,40,0.0,0.0
output:176188,40,0.0,0.0
output:538448,40,0.0,0.0
output:538450,40,0.0,0.0
output:538435,40,0.0,0.0
output:538438,40,0.0,0.0
output:538442,40,0.0,0.0
output:579746,41,0.0,-1.0
output:226538,41,0.0,0.0
output:628774,41,0.0,0.0
output:628773,41,0.0,0.0
output:378029,41,0.0,0.0
output:132760,41,0.0,0.0
output:132761,41,0.0,0.0
output:63723,41,0.0,0.0
output:63725,41,0.0,0.0
output:226759,42,0.0,-1.0
output:66094,42,0.0,0.0
output:577410,42,0.0,0.0
output:577415,42,0.0,0.0
output:646512,42,0.0,0.0
output:646513,42,0.0,0.0
output:257949,42,0.0,0.0
output:373417,42,0.0,0.0
output:131662,42,0.0,0.0
output:131664,42,0.0,0.0
output:374697,42,0.0,0.0
output:413998,42,0.0,0.0
output:32118,42,0.0,0.0
output:32117,42,0.0,0.0
output:226782,-1,-1.0,-1.0
output:226783,-1,-1.0,-1.0
output:174914,-1,-1.0,-1.0
output:71643,-1,-1.0,-1.0
output:71640,-1,-1.0,-1.0
output:71647,-1,-1.0,-1.0
output:71648,-1,-1.0,-1.0
output:579607,-1,-1.0,-1.0
output:71651,-1,-1.0,-1.0
output:579603,-1,-1.0,-1.0
output:261300,-1,-1.0,-1.0
output:174962,43,0.0,-1.0
output:257854,43,0.0,0.0
output:496661,43,0.0,0.0
output:496664,43,0.0,0.0
output:537789,43,0.0,0.0
output:537780,43,0.0,0.0
output:537793,43,0.0,0.0
output:414381,43,0.0,0.0
output:459610,43,0.0,0.0
output:261326,-1,-1.0,-1.0
output:261316,-1,-1.0,-1.0
output:261332,-1,-1.0,-1.0
output:174910,-1,-1.0,-1.0
output:71613,-1,-1.0,-1.0
output:261393,-1,-1.0,-1.0
output:174796,-1,-1.0,-1.0
output:579975,-1,-1.0,-1.0
output:607103,44,0.0,-1.0
output:670866,44,0.0,0.0
output:670861,44,0.0,0.0
output:807398,44,0.0,0.0
output:807392,44,0.0,0.0
output:807381,44,0.0,0.0
output:807376,44,0.0,0.0
output:576252,44,0.0,0.0
output:576249,44,0.0,0.0
output:576246,44,0.0,0.0
output:576244,44,0.0,0.0
output:497491,44,0.0,0.0
output:773297,44,0.0,0.0
output:816915,44,0.0,0.0
output:306725,44,0.0,0.0
output:306710,44,0.0,0.0
output:967064,44,0.0,0.0
output:967070,44,0.0,0.0
output:1006311,44,0.0,0.0
output:1006301,44,0.0,0.0
output:136788,44,0.0,0.0
output:829219,44,0.0,0.0
output:829203,44,0.0,0.0
output:829188,44,0.0,0.0
output:174727,45,0.0,-1.0
output:174733,45,0.0,0.0
output:174730,45,0.0,0.0
output:174719,45,0.0,0.0
output:174710,45,0.0,0.0
output:629664,45,0.0,0.0
output:629665,45,0.0,0.0
output:223990,45,0.0,0.0
output:627716,45,0.0,0.0
output:412512,45,0.0,0.0
output:412454,45,0.0,0.0
output:412585,45,0.0,0.0
output:412718,45,0.0,0.0
output:412742,45,0.0,0.0
output:339436,45,0.0,0.0
output:339735,45,0.0,0.0
output:495339,45,0.0,0.0
output:460088,45,0.0,0.0
output:460138,45,0.0,0.0
output:494840,45,0.0,0.0
output:494842,45,0.0,0.0
output:494809,45,0.0,0.0
output:460126,45,0.0,0.0
output:494805,45,0.0,0.0
output:460199,45,0.0,0.0
output:460213,45,0.0,0.0
output:460165,45,0.0,0.0
output:460184,45,0.0,0.0
output:460225,45,0.0,0.0
output:460239,45,0.0,0.0
output:580080,-1,-1.0,-1.0
output:226508,46,0.0,-1.0
output:578947,46,0.0,0.0
output:260078,46,0.0,0.0
output:260065,46,0.0,0.0
output:224969,46,0.0,0.0
output:224971,46,0.0,0.0
output:416480,46,0.0,0.0
output:31214,46,0.0,0.0
output:31213,46,0.0,0.0
output:31216,46,0.0,0.0
output:174766,47,0.0,-1.0
output:66409,47,0.0,0.0
output:66408,47,0.0,0.0
output:66410,47,0.0,0.0
output:309282,47,0.0,0.0
output:534798,47,0.0,0.0
output:534808,47,0.0,0.0
output:534803,47,0.0,0.0
output:534805,47,0.0,0.0
output:174675,-1,-1.0,-1.0
output:261508,-1,-1.0,-1.0
output:607167,48,0.0,-1.0
output:258544,48,0.0,0.0
output:258549,48,0.0,0.0
output:258552,48,0.0,0.0
output:258557,48,0.0,0.0
output:258567,48,0.0,0.0
output:67129,48,0.0,0.0
output:130828,48,0.0,0.0
output:374083,48,0.0,0.0
output:134690,48,0.0,0.0
output:63214,48,0.0,0.0
output:63215,48,0.0,0.0
output:30893,48,0.0,0.0
output:30894,48,0.0,0.0
output:226355,-1,-1.0,-1.0
output:226422,49,0.0,-1.0
output:258821,49,0.0,0.0
output:496273,49,0.0,0.0
output:496269,49,0.0,0.0
output:495727,49,0.0,0.0
output:539224,49,0.0,0.0
output:63589,49,0.0,0.0
output:226420,-1,-1.0,-1.0
output:174563,-1,-1.0,-1.0
output:580244,-1,-1.0,-1.0
output:174568,-1,-1.0,-1.0
output:312296,50,0.0,-1.0
output:312285,50,0.0,0.0
output:340311,50,0.0,0.0
output:534228,50,0.0,0.0
output:29543,50,0.0,0.0
output:29081,50,0.0,0.0
output:29083,50,0.0,0.0
output:29082,50,0.0,0.0
output:580256,-1,-1.0,-1.0
output:70952,-1,-1.0,-1.0
output:70953,-1,-1.0,-1.0
output:174503,-1,-1.0,-1.0
output:70950,-1,-1.0,-1.0
output:312185,51,0.0,-1.0
output:312179,51,0.0,0.0
output:257084,51,0.0,0.0
output:342125,51,0.0,0.0
output:342130,51,0.0,0.0
output:496344,51,0.0,0.0
output:339444,51,0.0,0.0
output:261795,52,0.0,-1.0
output:261788,52,0.0,0.0
output:576906,52,0.0,0.0
output:378269,52,0.0,0.0
output:805623,52,0.0,0.0
output:805602,52,0.0,0.0
output:805609,52,0.0,0.0
output:805587,52,0.0,0.0
output:805592,52,0.0,0.0
output:805576,52,0.0,0.0
output:804571,52,0.0,0.0
output:224091,52,0.0,0.0
output:627899,52,0.0,0.0
output:627897,52,0.0,0.0
output:627896,52,0.0,0.0
output:627900,52,0.0,0.0
output:738302,52,0.0,0.0
output:738298,52,0.0,0.0
output:772485,52,0.0,0.0
output:772486,52,0.0,0.0
output:413053,52,0.0,0.0
output:1003312,52,0.0,0.0
output:413074,52,0.0,0.0
output:738324,52,0.0,0.0
output:738321,52,0.0,0.0
output:738310,52,0.0,0.0
output:738307,52,0.0,0.0
output:738318,52,0.0,0.0
output:738317,52,0.0,0.0
output:496063,52,0.0,0.0
output:496060,52,0.0,0.0
output:307054,52,0.0,0.0
output:307065,52,0.0,0.0
output:306342,52,0.0,0.0
output:64549,52,0.0,0.0
output:64550,52,0.0,0.0
output:308399,52,0.0,0.0
output:533616,52,0.0,0.0
output:494976,52,0.0,0.0
output:494970,52,0.0,0.0
output:705643,52,0.0,0.0
output:705650,52,0.0,0.0
output:705651,52,0.0,0.0
output:705654,52,0.0,0.0
output:174459,-1,-1.0,-1.0
output:227120,-1,-1.0,-1.0
output:71130,-1,-1.0,-1.0
output:174362,-1,-1.0,-1.0
output:174361,-1,-1.0,-1.0
output:70768,-1,-1.0,-1.0
output:227059,-1,-1.0,-1.0
output:70716,-1,-1.0,-1.0
output:70657,-1,-1.0,-1.0
output:70907,-1,-1.0,-1.0
output:580396,-1,-1.0,-1.0
output:226827,53,0.0,-1.0
output:66324,53,0.0,0.0
output:66325,53,0.0,0.0
output:177780,53,0.0,0.0
output:308723,53,0.0,0.0
output:308722,53,0.0,0.0
output:308725,53,0.0,0.0
output:308717,53,0.0,0.0
output:536559,53,0.0,0.0
output:536562,53,0.0,0.0
output:536566,53,0.0,0.0
output:580411,54,0.0,-1.0
output:33421,54,0.0,0.0
output:33423,54,0.0,0.0
output:33422,54,0.0,0.0
output:177822,54,0.0,0.0
output:533646,54,0.0,0.0
output:533634,54,0.0,0.0
output:226914,-1,-1.0,-1.0
output:226915,-1,-1.0,-1.0
output:226913,-1,-1.0,-1.0
output:174104,55,0.0,-1.0
output:174099,55,0.0,0.0
output:534132,55,0.0,0.0
output:63645,55,0.0,0.0
output:63644,55,0.0,0.0
output:63969,55,0.0,0.0
output:63442,55,0.0,0.0
output:63438,55,0.0,0.0
output:63431,55,0.0,0.0
output:70805,-1,-1.0,-1.0
output:70815,-1,-1.0,-1.0
output:311839,-1,-1.0,-1.0
output:258139,-1,-1.0,-1.0
output:258142,-1,-1.0,-1.0
output:609857,-1,-1.0,-1.0
output:258165,-1,-1.0,-1.0
output:258149,-1,-1.0,-1.0
output:258056,-1,-1.0,-1.0
output:33216,-1,-1.0,-1.0
output:258048,-1,-1.0,-1.0
output:262315,-1,-1.0,-1.0
output:227748,56,0.0,-1.0
output:417825,56,0.0,0.0
output:417837,56,0.0,0.0
output:33330,56,0.0,0.0
output:33329,56,0.0,0.0
output:608396,56,0.0,0.0
output:178861,56,0.0,0.0
output:68478,56,0.0,0.0
output:132699,56,0.0,0.0
output:132698,56,0.0,0.0
output:63351,56,0.0,0.0
output:806789,56,0.0,17.657024348447475
output:806777,56,0.0,0.0
output:806782,56,0.0,0.0
output:131440,56,0.0,0.0
output:983051,56,0.0,0.0
output:741607,56,0.0,0.0
output:741609,56,0.0,0.0
output:671292,-1,-1.0,-1.0
output:578923,-1,-1.0,-1.0
output:578917,-1,-1.0,-1.0
output:72366,57,13.300960300971624,-1.0
output:259862,57,13.300960300971624,13.300960300971624
output:67953,57,13.300960300971624,13.300960300971624
output:67955,57,13.300960300971624,13.300960300971624
output:132746,57,13.300960300971624,13.300960300971624
output:536370,57,13.300960300971624,13.300960300971624
output:258530,-1,-1.0,-1.0
output:1007975,-1,-1.0,-1.0
output:227371,-1,-1.0,-1.0
output:808101,-1,-1.0,-1.0
output:227487,-1,-1.0,-1.0
output:33553,-1,-1.0,-1.0
output:33552,-1,-1.0,-1.0
output:33538,-1,-1.0,-1.0
output:72191,-1,-1.0,-1.0
output:228136,-1,-1.0,-1.0
output:33615,-1,-1.0,-1.0
output:609364,-1,-1.0,-1.0
output:417796,-1,-1.0,-1.0
output:262852,-1,-1.0,-1.0
output:417804,-1,-1.0,-1.0
output:417807,-1,-1.0,-1.0
output:609285,-1,-1.0,-1.0
output:609286,-1,-1.0,-1.0
output:258578,-1,-1.0,-1.0
output:258566,-1,-1.0,-1.0
output:418225,-1,-1.0,-1.0
output:418193,-1,-1.0,-1.0
output:579437,58,13.477612890956369,-1.0
output:177580,58,13.477612890956369,13.477612890956369
output:64465,58,13.477612890956369,13.477612890956369
output:64467,58,13.477612890956369,13.477612890956369
output:64466,58,13.477612890956369,13.477612890956369
output:132687,58,13.477612890956369,13.477612890956369
output:418188,-1,-1.0,-1.0
output:418176,-1,-1.0,-1.0
output:71928,-1,-1.0,-1.0
output:262933,-1,-1.0,-1.0
output:579379,59,0.0,-1.0
output:608389,59,0.0,0.0
output:608388,59,0.0,0.0
output:608391,59,0.0,0.0
output:608390,59,0.0,0.0
output:256652,59,0.0,0.0
output:256654,59,0.0,0.0
output:256665,59,0.0,0.0
output:377709,59,0.0,0.0
output:377708,59,0.0,0.0
output:377711,59,0.0,0.0
output:377710,59,0.0,0.0
output:257601,59,0.0,0.0
output:257602,59,0.0,0.0
output:224520,59,0.0,0.0
output:224517,59,0.0,0.0
output:132639,59,0.0,0.0
output:132638,59,0.0,0.0
output:132637,59,0.0,0.0
output:374115,59,0.0,0.0
output:374112,59,0.0,0.0
output:374113,59,0.0,0.0
output:307149,59,0.0,0.0
output:307142,59,0.0,0.0
output:307112,59,0.0,0.0
output:307119,59,0.0,0.0
output:307131,59,0.0,0.0
output:307098,59,0.0,0.0
output:307103,59,0.0,0.0
output:64332,59,0.0,0.0
output:64335,59,0.0,0.0
output:64334,59,0.0,0.0
output:64331,59,0.0,0.0
output:64330,59,0.0,0.0
output:461113,59,0.0,0.0
output:535112,59,0.0,0.0
output:62983,59,0.0,0.0
output:62984,59,0.0,0.0
output:32428,59,0.0,0.0
output:32429,59,0.0,0.0
output:32430,59,0.0,0.0
output:579382,-1,-1.0,-1.0
output:262919,-1,-1.0,-1.0
output:262917,-1,-1.0,-1.0
output:71891,-1,-1.0,-1.0
output:228078,-1,-1.0,-1.0
output:33443,-1,-1.0,-1.0
output:263141,-1,-1.0,-1.0
output:258890,-1,-1.0,-1.0
output:263125,60,0.0,-1.0
output:576989,60,0.0,0.0
output:646527,60,0.0,0.0
output:176737,60,0.0,0.0
output:176732,60,0.0,0.0
output:176734,60,0.0,0.0
output:627944,60,0.0,0.0
output:255834,60,0.0,0.0
output:496608,60,0.0,0.0
output:131730,60,0.0,0.0
output:30715,60,0.0,0.0
output:30714,60,0.0,0.0
output:30406,60,0.0,0.0
output:30405,60,0.0,0.0
output:30409,60,0.0,0.0
output:64701,60,0.0,0.0
output:64699,60,0.0,0.0
output:29981,60,0.0,0.0
output:29982,60,0.0,0.0
output:63517,60,0.0,0.0
output:536223,60,0.0,0.0
output:536219,60,0.0,0.0
output:536214,60,0.0,0.0
output:536209,60,0.0,0.0
output:137371,60,0.0,0.0
output:258908,-1,-1.0,-1.0
output:258825,61,0.0,-1.0
output:258830,61,0.0,0.0
output:258841,61,0.0,0.0
output:646820,61,0.0,0.0
output:500707,61,0.0,0.0
output:500715,61,0.0,0.0
output:177779,61,0.0,0.0
output:177784,61,0.0,0.0
output:177795,61,0.0,0.0
output:224790,61,0.0,0.0
output:65308,61,0.0,0.0
output:65309,61,0.0,0.0
output:65310,61,0.0,0.0
output:31287,61,0.0,0.0
output:31288,61,0.0,0.0
output:228627,-1,-1.0,-1.0
output:313695,-1,-1.0,-1.0
output:577551,-1,-1.0,-1.0
output:228640,62,0.0,-1.0
output:179825,62,0.0,0.0
output:179814,62,0.0,0.0
output:179805,62,0.0,0.0
output:500057,62,0.0,0.0
output:500055,62,0.0,0.0
output:533851,62,0.0,0.0
output:533867,62,0.0,0.0
output:414134,62,0.0,0.0
output:228695,-1,-1.0,-1.0
output:228674,63,0.0,-1.0
output:228677,63,0.0,0.0
output:496383,63,0.0,0.0
output:496377,63,0.0,0.0
output:132071,63,0.0,0.0
output:132070,63,0.0,0.0
output:414970,63,0.0,0.0
output:670514,-1,-1.0,-1.0
output:263278,-1,-1.0,-1.0
output:259299,-1,-1.0,-1.0
output:577627,-1,-1.0,-1.0
output:577703,-1,-1.0,-1.0
output:670702,64,0.0,-1.0
output:804905,64,0.0,0.0
output:857265,64,0.0,0.0
output:894273,64,0.0,0.0
output:816401,64,0.0,0.0
output:914550,64,0.0,0.0
output:918753,64,0.0,0.0
output:259072,-1,-1.0,-1.0
output:608837,-1,-1.0,-1.0
output:608839,-1,-1.0,-1.0
output:608833,-1,-1.0,-1.0
output:608835,-1,-1.0,-1.0
output:419790,-1,-1.0,-1.0
output:228392,-1,-1.0,-1.0
output:263474,65,0.0,-1.0
output:178937,65,0.0,0.0
output:178943,65,0.0,0.0
output:178940,65,0.0,0.0
output:627925,65,0.0,0.0
output:627926,65,0.0,0.0
output:627929,65,0.0,0.0
output:627928,65,0.0,0.0
output:496176,65,0.0,0.0
output:496169,65,0.0,0.0
output:496161,65,0.0,0.0
output:496152,65,0.0,0.0
output:496147,65,0.0,0.0
output:416402,65,0.0,0.0
output:416397,65,0.0,0.0
output:416393,65,0.0,0.0
output:228406,-1,-1.0,-1.0
output:670279,66,0.0,-1.0
output:858190,66,0.0,0.0
output:858200,66,0.0,0.0
output:858205,66,0.0,0.0
output:858196,66,0.0,0.0
output:829430,66,0.0,0.0
output:829442,66,0.0,0.0
output:609255,-1,-1.0,-1.0
output:228433,-1,-1.0,-1.0
output:419650,-1,-1.0,-1.0
output:228546,-1,-1.0,-1.0
output:263651,-1,-1.0,-1.0
output:259451,-1,-1.0,-1.0
output:608400,-1,-1.0,-1.0
output:608401,-1,-1.0,-1.0
output:229165,-1,-1.0,-1.0
output:263700,-1,-1.0,-1.0
output:259838,-1,-1.0,-1.0
output:229232,-1,-1.0,-1.0
output:578130,-1,-1.0,-1.0
output:669998,67,0.0,-1.0
output:669991,67,0.0,0.0
output:827057,67,0.0,0.0
output:804845,67,0.0,0.0
output:342321,67,0.0,0.0
output:342319,67,0.0,0.0
output:498178,67,10.53821277985029,10.53821277985029
output:461595,67,10.53821277985029,10.53821277985029
output:306091,67,-1.0,19.5488484175405
output:259788,-1,-1.0,-1.0
output:259780,-1,-1.0,-1.0
output:608510,68,0.0,-1.0
output:608515,68,0.0,0.0
output:608512,68,0.0,0.0
output:131260,68,0.0,0.0
output:131261,68,0.0,0.0
output:131262,68,0.0,0.0
output:461964,68,0.0,0.0
output:418882,-1,-1.0,-1.0
output:670186,-1,-1.0,-1.0
output:418821,-1,-1.0,-1.0
output:608377,-1,-1.0,-1.0
output:260027,69,0.0,-1.0
output:929080,69,0.0,0.0
output:929081,69,0.0,0.0
output:857788,69,0.0,0.0
output:857778,69,0.0,0.0
output:857820,69,0.0,0.0
output:857813,69,0.0,0.0
output:857803,69,0.0,0.0
output:857793,69,0.0,0.0
output:225111,69,0.0,0.0
output:772445,69,0.0,0.0
output:134265,69,0.0,0.0
output:134264,69,0.0,0.0
output:739958,69,0.0,0.0
output:259996,-1,-1.0,-1.0
output:259990,-1,-1.0,-1.0
output:669716,70,0.0,-1.0
output:858655,70,0.0,0.0
output:858668,70,0.0,0.0
output:858657,70,0.0,0.0
output:858672,70,0.0,0.0
output:858676,70,0.0,0.0
output:857060,70,0.0,0.0
output:857064,70,0.0,0.0
output:737646,70,0.0,0.0
output:737647,70,0.0,0.0
output:737645,70,0.0,0.0
output:130966,70,0.0,0.0
output:983792,70,0.0,0.0
output:1003760,70,0.0,0.0
output:831154,70,0.0,0.0
output:419247,71,7.681475875301468,-1.0
output:374486,71,7.681475875301468,7.681475875301468
output:497936,71,7.681475875301468,7.681475875301468
output:533353,71,7.681475875301468,7.681475875301468
output:135087,71,7.681475875301468,7.681475875301468
output:64681,71,7.681475875301468,7.681475875301468
output:64679,71,7.681475875301468,7.681475875301468
output:578426,-1,-1.0,-1.0
output:229040,-1,-1.0,-1.0
output:419183,-1,-1.0,-1.0
output:229044,-1,-1.0,-1.0
output:419175,-1,-1.0,-1.0
output:259842,-1,-1.0,-1.0
output:578493,72,10.524946631487204,-1.0
output:578499,72,10.524946631487204,10.524946631487204
output:306566,72,10.524946631487204,10.524946631487204
output:137381,72,10.524946631487204,10.524946631487204
output:306157,72,10.524946631487204,10.524946631487204
output:498426,72,10.524946631487204,10.524946631487204
output:72788,-1,-1.0,-1.0
output:806073,-1,-1.0,-1.0
output:806078,-1,-1.0,-1.0
output:629280,73,0.0,-1.0
output:257663,73,0.0,0.0
output:257657,73,0.0,0.0
output:257664,73,0.0,0.0
output:257667,73,0.0,0.0
output:178155,73,0.0,0.0
output:575476,73,0.0,0.0
output:575478,73,0.0,0.0
output:225155,73,0.0,0.0
output:373364,73,0.0,0.0
output:373367,73,0.0,0.0
output:133119,73,0.0,0.0
output:133122,73,0.0,0.0
output:133121,73,0.0,0.0
output:306888,73,0.0,0.0
output:306886,73,0.0,0.0
output:306873,73,0.0,0.0
output:29547,73,0.0,0.0
output:533815,73,0.0,0.0
output:533805,73,0.0,0.0
output:31811,73,0.0,0.0
output:31810,73,0.0,0.0
output:535684,73,0.0,0.0
output:646888,-1,-1.0,-1.0
output:646889,-1,-1.0,-1.0
output:646790,-1,-1.0,-1.0
output:806081,-1,-1.0,-1.0
output:66134,-1,-1.0,-1.0
output:66212,74,0.0,-1.0
output:66210,74,0.0,0.0
output:66211,74,0.0,0.0
output:178240,74,0.0,0.0
output:178227,74,0.0,0.0
output:31353,74,0.0,0.0
output:31354,74,0.0,0.0
output:576890,-1,-1.0,-1.0
output:256452,75,0.0,-1.0
output:65656,75,0.0,0.0
output:177500,75,0.0,0.0
output:177510,75,0.0,0.0
output:132394,75,0.0,0.0
output:538674,75,0.0,0.0
output:63851,75,0.0,0.0
output:66181,-1,-1.0,-1.0
output:66183,-1,-1.0,-1.0
output:889369,76,0.0,-1.0
output:629459,76,0.0,0.0
output:629460,76,0.0,0.0
output:857619,76,0.0,0.0
output:857606,76,0.0,0.0
output:857610,76,0.0,0.0
output:857614,76,0.0,0.0
output:892015,76,0.0,0.0
output:892016,76,0.0,0.0
output:1005632,76,0.0,0.0
output:1005613,76,0.0,0.0
output:1005624,76,0.0,0.0
output:1005617,76,0.0,0.0
output:339280,76,0.0,0.0
output:417425,76,0.0,0.0
output:417415,76,0.0,0.0
output:674047,76,0.0,0.0
output:534831,76,0.0,0.0
output:705151,76,0.0,0.0
output:705163,76,0.0,0.0
output:705156,76,0.0,0.0
output:705178,76,0.0,0.0
output:705170,76,0.0,0.0
output:796390,76,0.0,0.0
output:796362,76,0.0,0.0
output:796379,76,0.0,0.0
output:796376,76,0.0,0.0
output:66259,-1,-1.0,-1.0
output:576822,-1,-1.0,-1.0
output:769305,-1,-1.0,-1.0
output:889803,-1,-1.0,-1.0
output:66344,-1,-1.0,-1.0
output:66358,-1,-1.0,-1.0
output:629551,-1,-1.0,-1.0
output:66413,-1,-1.0,-1.0
output:647068,-1,-1.0,-1.0
output:576654,-1,-1.0,-1.0
output:889788,77,0.0,-1.0
output:256527,77,0.0,0.0
output:68809,77,0.0,0.0
output:537394,77,0.0,0.0
output:537388,77,0.0,0.0
output:373476,77,0.0,0.0
output:133305,77,0.0,0.0
output:376681,77,0.0,0.0
output:309977,77,0.0,0.0
output:795114,77,0.0,0.0
output:647019,-1,-1.0,-1.0
output:576529,-1,-1.0,-1.0
output:858775,78,0.0,-1.0
output:704567,78,0.0,0.0
output:704563,78,0.0,0.0
output:1004039,78,0.0,0.0
output:1004038,78,0.0,0.0
output:917495,78,0.0,0.0
output:577504,-1,-1.0,-1.0
output:769549,-1,-1.0,-1.0
output:65592,-1,-1.0,-1.0
output:65593,-1,-1.0,-1.0
output:628748,-1,-1.0,-1.0
output:628750,-1,-1.0,-1.0
output:179364,-1,-1.0,-1.0
output:65602,-1,-1.0,-1.0
output:65635,-1,-1.0,-1.0
output:929016,-1,-1.0,-1.0
output:929015,-1,-1.0,-1.0
output:646263,-1,-1.0,-1.0
output:179212,-1,-1.0,-1.0
output:257008,79,0.0,-1.0
output:257003,79,0.0,0.0
output:69033,79,0.0,0.0
output:30168,79,0.0,0.0
output:308767,79,0.0,0.0
output:308770,79,0.0,0.0
output:308772,79,0.0,0.0
output:646208,-1,-1.0,-1.0
output:257023,-1,-1.0,-1.0
output:65717,-1,-1.0,-1.0
output:65716,-1,-1.0,-1.0
output:65749,-1,-1.0,-1.0
output:65750,-1,-1.0,-1.0
output:179264,-1,-1.0,-1.0
output:577291,-1,-1.0,-1.0
output:577293,-1,-1.0,-1.0
output:646633,-1,-1.0,-1.0
output:256622,-1,-1.0,-1.0
output:628999,80,0.0,-1.0
output:628998,80,0.0,0.0
output:65998,80,0.0,0.0
output:65999,80,0.0,0.0
output:498740,80,0.0,0.0
output:30938,80,0.0,0.0
output:577218,-1,-1.0,-1.0
output:646602,-1,-1.0,-1.0
output:646601,-1,-1.0,-1.0
output:65852,-1,-1.0,-1.0
output:256625,-1,-1.0,-1.0
output:646591,-1,-1.0,-1.0
output:889273,-1,-1.0,-1.0
output:577172,-1,-1.0,-1.0
output:646532,-1,-1.0,-1.0
output:65928,-1,-1.0,-1.0
output:65929,-1,-1.0,-1.0
output:256719,-1,-1.0,-1.0
output:65949,-1,-1.0,-1.0
output:65938,-1,-1.0,-1.0
output:65937,-1,-1.0,-1.0
output:65936,-1,-1.0,-1.0
output:629151,-1,-1.0,-1.0
output:577107,81,0.0,-1.0
output:497037,81,0.0,0.0
output:497027,81,0.0,0.0
output:307425,81,0.0,0.0
output:307428,81,0.0,0.0
output:29856,81,0.0,0.0
output:29857,81,0.0,0.0
output:29858,81,0.0,0.0
output:29855,81,0.0,0.0
output:29854,81,0.0,0.0
output:29853,81,0.0,0.0
output:30031,81,13.754310229202018,13.754310229202018
output:30030,81,13.754310229202018,13.754310229202018
output:577064,-1,-1.0,-1.0
output:256681,-1,-1.0,-1.0
output:256686,-1,-1.0,-1.0
output:575917,-1,-1.0,-1.0
output:257296,-1,-1.0,-1.0
output:859997,-1,-1.0,-1.0
output:67114,-1,-1.0,-1.0
output:860000,-1,-1.0,-1.0
output:575989,-1,-1.0,-1.0
output:575777,-1,-1.0,-1.0
output:575779,-1,-1.0,-1.0
output:575791,82,0.0,-1.0
output:575787,82,0.0,0.0
output:373948,82,0.0,0.0
output:375999,82,0.0,0.0
output:306948,82,0.0,0.0
output:307828,82,0.0,0.0
output:29250,82,0.0,0.0
output:29263,82,0.0,0.0
output:67290,-1,-1.0,-1.0
output:178773,-1,-1.0,-1.0
output:500104,-1,-1.0,-1.0
output:257526,-1,-1.0,-1.0
output:575836,-1,-1.0,-1.0
output:67228,-1,-1.0,-1.0
output:67225,-1,-1.0,-1.0
output:575859,-1,-1.0,-1.0
output:67402,-1,-1.0,-1.0
output:575669,-1,-1.0,-1.0
output:257039,-1,-1.0,-1.0
output:499714,-1,-1.0,-1.0
output:179105,-1,-1.0,-1.0
output:257130,-1,-1.0,-1.0
output:179035,-1,-1.0,-1.0
output:575572,-1,-1.0,-1.0
output:575576,-1,-1.0,-1.0
output:257225,-1,-1.0,-1.0
output:178962,-1,-1.0,-1.0
output:178963,-1,-1.0,-1.0
output:576425,-1,-1.0,-1.0
output:257811,-1,-1.0,-1.0
output:576417,-1,-1.0,-1.0
output:576419,-1,-1.0,-1.0
output:257807,-1,-1.0,-1.0
output:66681,-1,-1.0,-1.0
output:257851,-1,-1.0,-1.0
output:257881,-1,-1.0,-1.0
output:66572,-1,-1.0,-1.0
output:805488,-1,-1.0,-1.0
output:576263,-1,-1.0,-1.0
output:178298,-1,-1.0,-1.0
output:258007,-1,-1.0,-1.0
output:258002,-1,-1.0,-1.0
output:258041,-1,-1.0,-1.0
output:258038,-1,-1.0,-1.0
output:257541,-1,-1.0,-1.0
output:610338,-1,-1.0,-1.0
output:178648,-1,-1.0,-1.0
output:576145,-1,-1.0,-1.0
output:66837,-1,-1.0,-1.0
output:257676,83,0.0,-1.0
output:257686,83,0.0,0.0
output:224772,83,0.0,0.0
output:533737,83,0.0,0.0
output:533739,83,0.0,0.0
output:533746,83,0.0,0.0
output:28826,83,0.0,0.0
output:535603,83,0.0,0.0
output:376917,-1,-1.0,-1.0
output:257668,-1,-1.0,-1.0
output:257704,-1,-1.0,-1.0
output:67040,-1,-1.0,-1.0
output:67041,-1,-1.0,-1.0
output:257709,-1,-1.0,-1.0
output:67003,-1,-1.0,-1.0
output:68290,-1,-1.0,-1.0
output:68291,-1,-1.0,-1.0
output:177792,-1,-1.0,-1.0
output:68189,-1,-1.0,-1.0
output:68542,-1,-1.0,-1.0
output:68486,-1,-1.0,-1.0
output:68563,-1,-1.0,-1.0
output:68567,-1,-1.0,-1.0
output:68415,-1,-1.0,-1.0
output:178090,-1,-1.0,-1.0
output:178064,-1,-1.0,-1.0
output:178160,84,0.0,-1.0
output:178148,84,0.0,0.0
output:68801,84,0.0,0.0
output:68802,84,0.0,0.0
output:498428,84,0.0,0.0
output:376085,84,0.0,0.0
output:376084,84,0.0,0.0
output:178158,-1,-1.0,-1.0
output:68463,85,0.0,-1.0
output:495726,85,0.0,0.0
output:307940,85,0.0,0.0
output:307943,85,0.0,0.0
output:307950,85,0.0,0.0
output:534279,85,0.0,0.0
output:67737,-1,-1.0,-1.0
output:575330,-1,-1.0,-1.0
output:67744,-1,-1.0,-1.0
output:575312,-1,-1.0,-1.0
output:67772,-1,-1.0,-1.0
output:67761,-1,-1.0,-1.0
output:804471,-1,-1.0,-1.0
output:67823,-1,-1.0,-1.0
output:575447,-1,-1.0,-1.0
output:223976,-1,-1.0,-1.0
output:223973,-1,-1.0,-1.0
output:177378,-1,-1.0,-1.0
output:68068,-1,-1.0,-1.0
output:177557,-1,-1.0,-1.0
output:67896,-1,-1.0,-1.0
output:177657,-1,-1.0,-1.0
output:628442,-1,-1.0,-1.0
output:176761,-1,-1.0,-1.0
output:176706,-1,-1.0,-1.0
output:176720,-1,-1.0,-1.0
output:628390,86,0.0,-1.0
output:628388,86,0.0,0.0
output:628389,86,0.0,0.0
output:628387,86,0.0,0.0
output:496544,86,0.0,0.0
output:496538,86,0.0,0.0
output:533413,86,0.0,0.0
output:533418,86,0.0,0.0
output:29089,86,0.0,0.0
output:628333,-1,-1.0,-1.0
output:176778,-1,-1.0,-1.0
output:176790,-1,-1.0,-1.0
output:224571,-1,-1.0,-1.0
output:177011,-1,-1.0,-1.0
output:69563,-1,-1.0,-1.0
output:176940,-1,-1.0,-1.0
output:224609,-1,-1.0,-1.0
output:224610,-1,-1.0,-1.0
output:628558,-1,-1.0,-1.0
output:224679,-1,-1.0,-1.0
output:177110,-1,-1.0,-1.0
output:177113,-1,-1.0,-1.0
output:224640,-1,-1.0,-1.0
output:177083,-1,-1.0,-1.0
output:857519,-1,-1.0,-1.0
output:224769,-1,-1.0,-1.0
output:176224,-1,-1.0,-1.0
output:857580,-1,-1.0,-1.0
output:224842,-1,-1.0,-1.0
output:176170,-1,-1.0,-1.0
output:176172,-1,-1.0,-1.0
output:176323,-1,-1.0,-1.0
output:176366,-1,-1.0,-1.0
output:68706,-1,-1.0,-1.0
output:224947,-1,-1.0,-1.0
output:224948,-1,-1.0,-1.0
output:69086,-1,-1.0,-1.0
output:69059,-1,-1.0,-1.0
output:225139,-1,-1.0,-1.0
output:225133,-1,-1.0,-1.0
output:225162,87,0.0,-1.0
output:225161,87,0.0,0.0
output:417279,87,0.0,0.0
output:417309,87,0.0,0.0
output:417301,87,0.0,0.0
output:417291,87,0.0,0.0
output:417286,87,0.0,0.0
output:176513,-1,-1.0,-1.0
output:176517,-1,-1.0,-1.0
output:176526,-1,-1.0,-1.0
output:68914,-1,-1.0,-1.0
output:497152,-1,-1.0,-1.0
output:132157,-1,-1.0,-1.0
output:132108,88,0.0,-1.0
output:31324,88,0.0,0.0
output:31325,88,0.0,0.0
output:31322,88,0.0,0.0
output:31323,88,0.0,0.0
output:31321,88,0.0,0.0
output:537504,-1,-1.0,-1.0
output:537437,-1,-1.0,-1.0
output:497312,-1,-1.0,-1.0
output:738005,-1,-1.0,-1.0
output:497400,-1,-1.0,-1.0
output:497394,-1,-1.0,-1.0
output:497385,-1,-1.0,-1.0
output:132277,-1,-1.0,-1.0
output:497377,-1,-1.0,-1.0
output:497367,-1,-1.0,-1.0
output:738046,-1,-1.0,-1.0
output:132237,-1,-1.0,-1.0
output:132469,-1,-1.0,-1.0
output:132468,-1,-1.0,-1.0
output:132448,-1,-1.0,-1.0
output:132447,-1,-1.0,-1.0
output:537245,-1,-1.0,-1.0
output:497488,-1,-1.0,-1.0
output:132578,-1,-1.0,-1.0
output:132577,-1,-1.0,-1.0
output:497640,-1,-1.0,-1.0
output:537086,-1,-1.0,-1.0
output:342913,-1,-1.0,-1.0
output:132735,-1,-1.0,-1.0
output:496718,-1,-1.0,-1.0
output:132647,-1,-1.0,-1.0
output:130696,-1,-1.0,-1.0
output:130712,-1,-1.0,-1.0
output:412412,-1,-1.0,-1.0
output:412413,89,0.0,-1.0
output:412401,89,0.0,0.0
output:412393,89,0.0,0.0
output:412428,89,0.0,0.0
output:412458,89,0.0,0.0
output:29276,89,0.0,0.0
output:132863,-1,-1.0,-1.0
output:412309,-1,-1.0,-1.0
output:737534,-1,-1.0,-1.0
output:412305,-1,-1.0,-1.0
output:342855,-1,-1.0,-1.0
output:373481,-1,-1.0,-1.0
output:412480,-1,-1.0,-1.0
output:132944,-1,-1.0,-1.0
output:132937,-1,-1.0,-1.0
output:132941,-1,-1.0,-1.0
output:496924,-1,-1.0,-1.0
output:132979,-1,-1.0,-1.0
output:130859,-1,-1.0,-1.0
output:737641,-1,-1.0,-1.0
output:496966,-1,-1.0,-1.0
output:412429,-1,-1.0,-1.0
output:132868,-1,-1.0,-1.0
output:130930,-1,-1.0,-1.0
output:132904,-1,-1.0,-1.0
output:132897,-1,-1.0,-1.0
output:130951,-1,-1.0,-1.0
output:130950,-1,-1.0,-1.0
output:536652,-1,-1.0,-1.0
output:130977,-1,-1.0,-1.0
output:133008,-1,-1.0,-1.0
output:497090,-1,-1.0,-1.0
output:131024,-1,-1.0,-1.0
output:497116,-1,-1.0,-1.0
output:133035,-1,-1.0,-1.0
output:373878,-1,-1.0,-1.0
output:131132,-1,-1.0,-1.0
output:131088,-1,-1.0,-1.0
output:373835,-1,-1.0,-1.0
output:131197,-1,-1.0,-1.0
output:496364,-1,-1.0,-1.0
output:496351,-1,-1.0,-1.0
output:496345,-1,-1.0,-1.0
output:538413,-1,-1.0,-1.0
output:496330,-1,-1.0,-1.0
output:131297,-1,-1.0,-1.0
output:131296,-1,-1.0,-1.0
output:131268,-1,-1.0,-1.0
output:131267,-1,-1.0,-1.0
output:131294,-1,-1.0,-1.0
output:131295,-1,-1.0,-1.0
output:374126,-1,-1.0,-1.0
output:131413,-1,-1.0,-1.0
output:131415,-1,-1.0,-1.0
output:131408,-1,-1.0,-1.0
output:131411,-1,-1.0,-1.0
output:374045,-1,-1.0,-1.0
output:923903,-1,-1.0,-1.0
output:374191,-1,-1.0,-1.0
output:496514,-1,-1.0,-1.0
output:131536,-1,-1.0,-1.0
output:131537,-1,-1.0,-1.0
output:538232,-1,-1.0,-1.0
output:413243,-1,-1.0,-1.0
output:495660,-1,-1.0,-1.0
output:131708,-1,-1.0,-1.0
output:495812,-1,-1.0,-1.0
output:495820,-1,-1.0,-1.0
output:131775,-1,-1.0,-1.0
output:131770,-1,-1.0,-1.0
output:131787,-1,-1.0,-1.0
output:131786,-1,-1.0,-1.0
output:131783,-1,-1.0,-1.0
output:131801,-1,-1.0,-1.0
output:131806,-1,-1.0,-1.0
output:131807,-1,-1.0,-1.0
output:131804,-1,-1.0,-1.0
output:131805,-1,-1.0,-1.0
output:131808,-1,-1.0,-1.0
output:131810,-1,-1.0,-1.0
output:495803,-1,-1.0,-1.0
output:374597,-1,-1.0,-1.0
output:131902,-1,-1.0,-1.0
output:495996,-1,-1.0,-1.0
output:537744,-1,-1.0,-1.0
output:131956,-1,-1.0,-1.0
output:374728,-1,-1.0,-1.0
output:413580,-1,-1.0,-1.0
output:374774,-1,-1.0,-1.0
output:374773,-1,-1.0,-1.0
output:132004,-1,-1.0,-1.0
output:132003,-1,-1.0,-1.0
output:132002,-1,-1.0,-1.0
output:537629,-1,-1.0,-1.0
output:374714,-1,-1.0,-1.0
output:374712,-1,-1.0,-1.0
output:374713,-1,-1.0,-1.0
output:496056,-1,-1.0,-1.0
output:537688,-1,-1.0,-1.0
output:28219,-1,-1.0,-1.0
output:134375,-1,-1.0,-1.0
output:499329,-1,-1.0,-1.0
output:340234,90,0.0,-1.0
output:499470,90,0.0,0.0
output:64928,90,0.0,0.0
output:64929,90,0.0,0.0
output:64926,90,0.0,0.0
output:137548,90,0.0,0.0
output:375034,-1,-1.0,-1.0
output:375035,-1,-1.0,-1.0
output:28330,-1,-1.0,-1.0
output:374807,-1,-1.0,-1.0
output:374806,-1,-1.0,-1.0
output:499324,-1,-1.0,-1.0
output:28393,-1,-1.0,-1.0
output:375289,-1,-1.0,-1.0
output:134544,-1,-1.0,-1.0
output:28556,-1,-1.0,-1.0
output:375049,-1,-1.0,-1.0
output:375050,-1,-1.0,-1.0
output:134484,-1,-1.0,-1.0
output:340098,-1,-1.0,-1.0
output:134483,-1,-1.0,-1.0
output:499560,-1,-1.0,-1.0
output:860527,-1,-1.0,-1.0
output:340742,-1,-1.0,-1.0
output:340746,-1,-1.0,-1.0
output:498819,-1,-1.0,-1.0
output:340754,-1,-1.0,-1.0
output:340756,-1,-1.0,-1.0
output:134896,-1,-1.0,-1.0
output:181188,-1,-1.0,-1.0
output:134842,-1,-1.0,-1.0
output:134843,-1,-1.0,-1.0
output:498943,-1,-1.0,-1.0
output:340890,-1,-1.0,-1.0
output:375341,-1,-1.0,-1.0
output:134763,-1,-1.0,-1.0
output:134764,-1,-1.0,-1.0
output:340986,-1,-1.0,-1.0
output:498813,-1,-1.0,-1.0
output:135119,-1,-1.0,-1.0
output:135125,-1,-1.0,-1.0
output:340520,-1,-1.0,-1.0
output:134979,-1,-1.0,-1.0
output:499007,-1,-1.0,-1.0
output:340648,-1,-1.0,-1.0
output:499027,-1,-1.0,-1.0
output:134942,-1,-1.0,-1.0
output:499040,-1,-1.0,-1.0
output:134971,-1,-1.0,-1.0
output:134970,-1,-1.0,-1.0
output:499051,-1,-1.0,-1.0
output:133311,-1,-1.0,-1.0
output:956510,-1,-1.0,-1.0
output:133290,-1,-1.0,-1.0
output:498431,-1,-1.0,-1.0
output:133285,-1,-1.0,-1.0
output:133284,-1,-1.0,-1.0
output:133353,-1,-1.0,-1.0
output:307124,-1,-1.0,-1.0
output:133334,-1,-1.0,-1.0
output:498243,-1,-1.0,-1.0
output:133528,-1,-1.0,-1.0
output:133526,91,0.0,-1.0
output:307286,91,0.0,0.0
output:307285,91,0.0,0.0
output:64164,91,0.0,0.0
output:64166,91,0.0,0.0
output:460079,91,0.0,0.0
output:229520,91,0.0,0.0
output:229516,91,0.0,0.0
output:133527,-1,-1.0,-1.0
output:741264,-1,-1.0,-1.0
output:741265,-1,-1.0,-1.0
output:306801,-1,-1.0,-1.0
output:306797,-1,-1.0,-1.0
output:306743,-1,-1.0,-1.0
output:376126,-1,-1.0,-1.0
output:498436,-1,-1.0,-1.0
output:133788,-1,-1.0,-1.0
output:497884,-1,-1.0,-1.0
output:497895,-1,-1.0,-1.0
output:497897,-1,-1.0,-1.0
output:497900,-1,-1.0,-1.0
output:306678,-1,-1.0,-1.0
output:133664,-1,-1.0,-1.0
output:133665,-1,-1.0,-1.0
output:133666,-1,-1.0,-1.0
output:133667,-1,-1.0,-1.0
output:133720,-1,-1.0,-1.0
output:376349,-1,-1.0,-1.0
output:133758,-1,-1.0,-1.0
output:376376,-1,-1.0,-1.0
output:133737,-1,-1.0,-1.0
output:134031,-1,-1.0,-1.0
output:498162,-1,-1.0,-1.0
output:134050,-1,-1.0,-1.0
output:134049,-1,-1.0,-1.0
output:134083,-1,-1.0,-1.0
output:134099,-1,-1.0,-1.0
output:134140,-1,-1.0,-1.0
output:498040,-1,-1.0,-1.0
output:498031,-1,-1.0,-1.0
output:133938,-1,-1.0,-1.0
output:376577,-1,-1.0,-1.0
output:376579,-1,-1.0,-1.0
output:376580,-1,-1.0,-1.0
output:133976,-1,-1.0,-1.0
output:65043,-1,-1.0,-1.0
output:914539,-1,-1.0,-1.0
output:914538,-1,-1.0,-1.0
output:307741,-1,-1.0,-1.0
output:30600,-1,-1.0,-1.0
output:307754,-1,-1.0,-1.0
output:307747,-1,-1.0,-1.0
output:65087,-1,-1.0,-1.0
output:65057,-1,-1.0,-1.0
output:65056,-1,-1.0,-1.0
output:65058,-1,-1.0,-1.0
output:65060,-1,-1.0,-1.0
output:65091,-1,-1.0,-1.0
output:533171,-1,-1.0,-1.0
output:65089,-1,-1.0,-1.0
output:30708,-1,-1.0,-1.0
output:65138,-1,-1.0,-1.0
output:30701,-1,-1.0,-1.0
output:706854,-1,-1.0,-1.0
output:706865,-1,-1.0,-1.0
output:416213,-1,-1.0,-1.0
output:65152,-1,-1.0,-1.0
output:307880,-1,-1.0,-1.0
output:307910,-1,-1.0,-1.0
output:30552,-1,-1.0,-1.0
output:65241,-1,-1.0,-1.0
output:65240,-1,-1.0,-1.0
output:416146,-1,-1.0,-1.0
output:416151,-1,-1.0,-1.0
output:30584,-1,-1.0,-1.0
output:65254,-1,-1.0,-1.0
output:65255,-1,-1.0,-1.0
output:30336,-1,-1.0,-1.0
output:533495,-1,-1.0,-1.0
output:797475,-1,-1.0,-1.0
output:415814,-1,-1.0,-1.0
output:415809,-1,-1.0,-1.0
output:65305,-1,-1.0,-1.0
output:30360,-1,-1.0,-1.0
output:65322,-1,-1.0,-1.0
output:136200,-1,-1.0,-1.0
output:65357,-1,-1.0,-1.0
output:65358,-1,-1.0,-1.0
output:65353,-1,-1.0,-1.0
output:415798,-1,-1.0,-1.0
output:415799,-1,-1.0,-1.0
output:65388,-1,-1.0,-1.0
output:65413,-1,-1.0,-1.0
output:65414,-1,-1.0,-1.0
output:30212,-1,-1.0,-1.0
output:30284,-1,-1.0,-1.0
output:533302,-1,-1.0,-1.0
output:30276,-1,-1.0,-1.0
output:533291,-1,-1.0,-1.0
output:30290,-1,-1.0,-1.0
output:30335,-1,-1.0,-1.0
output:65528,-1,-1.0,-1.0
output:307241,-1,-1.0,-1.0
output:64572,-1,-1.0,-1.0
output:64575,-1,-1.0,-1.0
output:64558,-1,-1.0,-1.0
output:64532,-1,-1.0,-1.0
output:30103,-1,-1.0,-1.0
output:64530,-1,-1.0,-1.0
output:64528,-1,-1.0,-1.0
output:30105,-1,-1.0,-1.0
output:64638,-1,-1.0,-1.0
output:64598,-1,-1.0,-1.0
output:64583,-1,-1.0,-1.0
output:30157,-1,-1.0,-1.0
output:416744,-1,-1.0,-1.0
output:64703,-1,-1.0,-1.0
output:64680,-1,-1.0,-1.0
output:137174,-1,-1.0,-1.0
output:461929,-1,-1.0,-1.0
output:64764,-1,-1.0,-1.0
output:30076,-1,-1.0,-1.0
output:64756,-1,-1.0,-1.0
output:30034,-1,-1.0,-1.0
output:30028,-1,-1.0,-1.0
output:64706,-1,-1.0,-1.0
output:29828,-1,-1.0,-1.0
output:136748,-1,-1.0,-1.0
output:136754,-1,-1.0,-1.0
output:827623,-1,-1.0,-1.0
output:136732,-1,-1.0,-1.0
output:64936,-1,-1.0,-1.0
output:64935,-1,-1.0,-1.0
output:827411,-1,-1.0,-1.0
output:29745,-1,-1.0,-1.0
output:136902,-1,-1.0,-1.0
output:136910,-1,-1.0,-1.0
output:65003,-1,-1.0,-1.0
output:307700,-1,-1.0,-1.0
output:64995,-1,-1.0,-1.0
output:29819,-1,-1.0,-1.0
output:29808,-1,-1.0,-1.0
output:136890,-1,-1.0,-1.0
output:29791,-1,-1.0,-1.0
output:29684,-1,-1.0,-1.0
output:64096,-1,-1.0,-1.0
output:534247,-1,-1.0,-1.0
output:913598,-1,-1.0,-1.0
output:64198,-1,-1.0,-1.0
output:64193,-1,-1.0,-1.0
output:308945,-1,-1.0,-1.0
output:707934,-1,-1.0,-1.0
output:534043,-1,-1.0,-1.0
output:135672,-1,-1.0,-1.0
output:64185,-1,-1.0,-1.0
output:135670,-1,-1.0,-1.0
output:29503,92,15.157801794389982,-1.0
output:415299,92,-1.0,15.157801794389982
output:308913,-1,-1.0,-1.0
output:29380,-1,-1.0,-1.0
output:29437,-1,-1.0,-1.0
output:29320,93,0.0,-1.0
output:29290,93,0.0,0.0
output:29300,93,0.0,0.0
output:29303,93,0.0,0.0
output:460135,93,0.0,0.0
output:460148,93,0.0,0.0
output:460160,93,0.0,0.0
output:135309,-1,-1.0,-1.0
output:309201,-1,-1.0,-1.0
output:135318,-1,-1.0,-1.0
output:135317,-1,-1.0,-1.0
output:29306,-1,-1.0,-1.0
output:64400,-1,-1.0,-1.0
output:64406,-1,-1.0,-1.0
output:29162,-1,-1.0,-1.0
output:29155,-1,-1.0,-1.0
output:63588,-1,-1.0,-1.0
output:533676,-1,-1.0,-1.0
output:29141,-1,-1.0,-1.0
output:533671,-1,-1.0,-1.0
output:339679,-1,-1.0,-1.0
output:308312,-1,-1.0,-1.0
output:533682,-1,-1.0,-1.0
output:673293,-1,-1.0,-1.0
output:63535,-1,-1.0,-1.0
output:29101,-1,-1.0,-1.0
output:417648,-1,-1.0,-1.0
output:63519,-1,-1.0,-1.0
output:63512,-1,-1.0,-1.0
output:63506,-1,-1.0,-1.0
output:339558,-1,-1.0,-1.0
output:29054,-1,-1.0,-1.0
output:533560,-1,-1.0,-1.0
output:136185,-1,-1.0,-1.0
output:63653,-1,-1.0,-1.0
output:63654,-1,-1.0,-1.0
output:63649,-1,-1.0,-1.0
output:533604,-1,-1.0,-1.0
output:533608,-1,-1.0,-1.0
output:136137,-1,-1.0,-1.0
output:308377,-1,-1.0,-1.0
output:308577,-1,-1.0,-1.0
output:63777,-1,-1.0,-1.0
output:339875,-1,-1.0,-1.0
output:339879,-1,-1.0,-1.0
output:63762,-1,-1.0,-1.0
output:135852,-1,-1.0,-1.0
output:339835,-1,-1.0,-1.0
output:63998,-1,-1.0,-1.0
output:461144,-1,-1.0,-1.0
output:533817,-1,-1.0,-1.0
output:63963,-1,-1.0,-1.0
output:63965,-1,-1.0,-1.0
output:533846,-1,-1.0,-1.0
output:339744,-1,-1.0,-1.0
output:135875,-1,-1.0,-1.0
output:460316,-1,-1.0,-1.0
output:63110,-1,-1.0,-1.0
output:32518,-1,-1.0,-1.0
output:495549,-1,-1.0,-1.0
output:460339,-1,-1.0,-1.0
output:495559,-1,-1.0,-1.0
output:495615,-1,-1.0,-1.0
output:535051,-1,-1.0,-1.0
output:535046,-1,-1.0,-1.0
output:32649,-1,-1.0,-1.0
output:32661,-1,-1.0,-1.0
output:32666,-1,-1.0,-1.0
output:32680,-1,-1.0,-1.0
output:495403,-1,-1.0,-1.0
output:460462,-1,-1.0,-1.0
output:414057,-1,-1.0,-1.0
output:32282,-1,-1.0,-1.0
output:32283,-1,-1.0,-1.0
output:460561,-1,-1.0,-1.0
output:495248,-1,-1.0,-1.0
output:32314,-1,-1.0,-1.0
output:63409,-1,-1.0,-1.0
output:795526,-1,-1.0,-1.0
output:1004089,-1,-1.0,-1.0
output:1004054,-1,-1.0,-1.0
output:310035,-1,-1.0,-1.0
output:460701,-1,-1.0,-1.0
output:32434,-1,-1.0,-1.0
output:495140,-1,-1.0,-1.0
output:32439,-1,-1.0,-1.0
output:495158,94,6.773618901912701,-1.0
output:309428,94,0.0,6.773618901912701
output:309436,94,0.0,0.0
output:309423,94,0.0,0.0
output:309418,94,0.0,0.0
output:309441,94,0.0,0.0
output:309445,94,0.0,0.0
output:32469,-1,-1.0,-1.0
output:535461,-1,-1.0,-1.0
output:704759,-1,-1.0,-1.0
output:535430,-1,-1.0,-1.0
output:535439,-1,-1.0,-1.0
output:535440,-1,-1.0,-1.0
output:459827,-1,-1.0,-1.0
output:32000,-1,-1.0,-1.0
output:459868,-1,-1.0,-1.0
output:534742,-1,-1.0,-1.0
output:32165,-1,-1.0,-1.0
output:459953,-1,-1.0,-1.0
output:460004,-1,-1.0,-1.0
output:494917,-1,-1.0,-1.0
output:494921,-1,-1.0,-1.0
output:62894,-1,-1.0,-1.0
output:62892,-1,-1.0,-1.0
output:62893,-1,-1.0,-1.0
output:414414,-1,-1.0,-1.0
output:460100,-1,-1.0,-1.0
output:460117,-1,-1.0,-1.0
output:31938,-1,-1.0,-1.0
output:534967,-1,-1.0,-1.0
output:310978,-1,-1.0,-1.0
output:917674,-1,-1.0,-1.0
output:31514,-1,-1.0,-1.0
output:137681,-1,-1.0,-1.0
output:310969,-1,-1.0,-1.0
output:310974,-1,-1.0,-1.0
output:310955,-1,-1.0,-1.0
output:31543,-1,-1.0,-1.0
output:31544,-1,-1.0,-1.0
output:459485,-1,-1.0,-1.0
output:31708,-1,-1.0,-1.0
output:459465,-1,-1.0,-1.0
output:31717,-1,-1.0,-1.0
output:310904,-1,-1.0,-1.0
output:31736,-1,-1.0,-1.0
output:31735,-1,-1.0,-1.0
output:459489,-1,-1.0,-1.0
output:415064,-1,-1.0,-1.0
output:415056,-1,-1.0,-1.0
output:137560,-1,-1.0,-1.0
output:31649,-1,-1.0,-1.0
output:536276,-1,-1.0,-1.0
output:536379,-1,-1.0,-1.0
output:31340,-1,-1.0,-1.0
output:31339,-1,-1.0,-1.0
output:31263,-1,-1.0,-1.0
output:536428,-1,-1.0,-1.0
output:831011,-1,-1.0,-1.0
output:31246,-1,-1.0,-1.0
output:31281,-1,-1.0,-1.0
output:705558,-1,-1.0,-1.0
output:31465,-1,-1.0,-1.0
output:31384,-1,-1.0,-1.0
output:31369,95,0.0,-1.0
output:31372,95,0.0,0.0
output:31366,95,0.0,0.0
output:31367,95,0.0,0.0
output:31364,95,0.0,0.0
output:31365,95,0.0,0.0
output:459678,-1,-1.0,-1.0
output:459699,-1,-1.0,-1.0
output:31075,-1,-1.0,-1.0
output:535638,-1,-1.0,-1.0
output:229741,-1,-1.0,-1.0
output:31019,-1,-1.0,-1.0
output:31017,-1,-1.0,-1.0
output:535616,-1,-1.0,-1.0
output:31209,-1,-1.0,-1.0
output:459005,-1,-1.0,-1.0
output:1004950,-1,-1.0,-1.0
output:137999,-1,-1.0,-1.0
output:229775,-1,-1.0,-1.0
output:138010,-1,-1.0,-1.0
output:229839,-1,-1.0,-1.0
output:229835,-1,-1.0,-1.0
output:535813,-1,-1.0,-1.0
output:137896,-1,-1.0,-1.0
output:229488,-1,-1.0,-1.0
output:30721,-1,-1.0,-1.0
output:30929,-1,-1.0,-1.0
output:918273,-1,-1.0,-1.0
output:536045,-1,-1.0,-1.0
output:415310,-1,-1.0,-1.0
