output:52593,0,0.0,-1.0
output:52609,0,0.0,0.0
output:52629,0,0.0,0.0
output:52642,0,0.0,0.0
output:52669,0,0.0,0.0
output:486281,0,0.0,0.0
output:568952,0,0.0,0.0
output:568936,0,0.0,0.0
output:568940,0,0.0,0.0
output:568929,0,0.0,0.0
output:568933,0,0.0,0.0
output:568924,0,0.0,0.0
output:52604,1,0.0,-1.0
output:52627,1,0.0,0.0
output:52647,1,0.0,0.0
output:122001,1,0.0,0.0
output:122002,1,0.0,0.0
output:120762,1,0.0,0.0
output:120763,1,0.0,0.0
output:332532,1,0.0,0.0
output:407130,1,0.0,0.0
output:364311,1,0.0,0.0
output:364314,1,0.0,0.0
output:364312,1,0.0,0.0
output:364313,1,0.0,0.0
output:364316,1,0.0,0.0
output:53507,1,0.0,0.0
output:53506,1,0.0,0.0
output:599383,1,0.0,0.0
output:599391,1,0.0,0.0
output:599387,1,0.0,0.0
output:599396,1,0.0,0.0
output:602073,1,0.0,0.0
output:602076,1,0.0,0.0
output:602065,1,0.0,0.0
output:602067,1,0.0,0.0
output:602070,1,0.0,0.0
output:602059,1,0.0,0.0
output:602062,1,0.0,0.0
output:122384,2,0.0,-1.0
output:122386,2,0.0,0.0
output:295170,2,0.0,0.0
output:54755,2,0.0,0.0
output:167898,2,0.0,0.0
output:600942,2,0.0,0.0
output:566857,2,0.0,0.0
output:566863,2,0.0,0.0
output:566860,2,0.0,0.0
output:566853,2,0.0,0.0
output:122425,-1,-1.0,-1.0
output:52683,3,0.0,-1.0
output:52674,3,0.0,0.0
output:52698,3,0.0,0.0
output:52707,3,0.0,0.0
output:52637,3,0.0,0.0
output:52654,3,0.0,0.0
output:121009,3,0.0,0.0
output:243314,3,0.0,0.0
output:243325,3,0.0,0.0
output:603336,3,0.0,0.0
output:603334,3,0.0,0.0
output:603333,3,0.0,0.0
output:247070,3,0.0,0.0
output:244738,-1,-1.0,-1.0
output:365274,-1,-1.0,-1.0
output:52703,4,0.0,-1.0
output:121469,4,0.0,0.0
output:120125,4,0.0,0.0
output:954523,4,0.0,0.0
output:601174,4,0.0,0.0
output:601172,4,0.0,0.0
output:52691,-1,-1.0,-1.0
output:244764,-1,-1.0,-1.0
output:244770,5,0.0,-1.0
output:334317,5,0.0,0.0
output:296652,5,0.0,0.0
output:296659,5,0.0,0.0
output:525014,5,0.0,0.0
output:56109,5,0.0,0.0
output:56099,5,0.0,0.0
output:123382,5,0.0,0.0
output:123381,5,0.0,0.0
output:123380,5,0.0,0.0
output:334718,-1,-1.0,-1.0
output:122619,-1,-1.0,-1.0
output:52724,-1,-1.0,-1.0
output:295319,-1,-1.0,-1.0
output:295314,-1,-1.0,-1.0
output:295312,-1,-1.0,-1.0
output:295313,-1,-1.0,-1.0
output:122499,-1,-1.0,-1.0
output:244827,6,0.0,-1.0
output:364608,6,0.0,0.0
output:364609,6,0.0,0.0
output:364610,6,0.0,0.0
output:364611,6,0.0,0.0
output:364612,6,0.0,0.0
output:364613,6,0.0,0.0
output:364607,6,0.0,0.0
output:364606,6,0.0,0.0
output:364605,6,0.0,0.0
output:364604,6,0.0,0.0
output:333540,6,0.0,0.0
output:333539,6,0.0,0.0
output:55570,6,0.0,0.0
output:55569,6,0.0,0.0
output:526081,6,0.0,0.0
output:23616,6,0.0,0.0
output:23606,6,0.0,0.0
output:23603,6,0.0,0.0
output:23600,6,0.0,0.0
output:217657,6,0.0,0.0
output:217661,6,0.0,0.0
output:217663,6,0.0,0.0
output:126754,6,0.0,0.0
output:622532,6,0.0,0.0
output:622533,6,0.0,0.0
output:622531,6,0.0,0.0
output:565683,6,0.0,0.0
output:565673,6,0.0,0.0
output:565666,6,0.0,0.0
output:168011,6,0.0,0.0
output:168009,6,0.0,0.0
output:168005,6,0.0,0.0
output:168003,6,0.0,0.0
output:168020,6,0.0,0.0
output:168017,6,0.0,0.0
output:122519,-1,-1.0,-1.0
output:122530,-1,-1.0,-1.0
output:122553,7,15.626255517920413,-1.0
output:525512,7,15.626255517920413,15.626255517920413
output:407420,7,15.626255517920413,15.626255517920413
output:53279,7,15.626255517920413,15.626255517920413
output:168360,7,15.626255517920413,15.626255517920413
output:568336,7,15.626255517920413,15.626255517920413
output:568327,7,15.626255517920413,15.626255517920413
output:122689,-1,-1.0,-1.0
output:245120,-1,-1.0,-1.0
output:52342,-1,-1.0,-1.0
output:122739,-1,-1.0,-1.0
output:295015,-1,-1.0,-1.0
output:334583,-1,-1.0,-1.0
output:295029,-1,-1.0,-1.0
output:122642,-1,-1.0,-1.0
output:122630,-1,-1.0,-1.0
output:122628,-1,-1.0,-1.0
output:52239,8,0.0,-1.0
output:295086,8,0.0,0.0
output:295091,8,0.0,0.0
output:121004,8,0.0,0.0
output:332654,8,0.0,0.0
output:332651,8,0.0,0.0
output:523780,8,0.0,0.0
output:405534,8,0.0,0.0
output:405535,8,0.0,0.0
output:218190,8,0.0,0.0
output:601214,8,0.0,0.0
output:601217,8,0.0,0.0
output:294047,8,0.0,0.0
output:569260,8,0.0,0.0
output:569265,8,0.0,0.0
output:294931,9,0.0,-1.0
output:121906,9,0.0,0.0
output:122031,9,0.0,0.0
output:122034,9,0.0,0.0
output:122032,9,0.0,0.0
output:52899,9,0.0,0.0
output:52897,9,0.0,0.0
output:52896,9,0.0,0.0
output:52901,9,0.0,0.0
output:52900,9,0.0,0.0
output:52888,9,0.0,0.0
output:52890,9,0.0,0.0
output:52891,9,0.0,0.0
output:52892,9,0.0,0.0
output:52895,9,0.0,0.0
output:52885,9,0.0,0.0
output:121813,9,0.0,0.0
output:121809,9,0.0,0.0
output:121806,9,0.0,0.0
output:120865,9,0.0,0.0
output:564780,9,0.0,0.0
output:120464,9,0.0,0.0
output:120466,9,0.0,0.0
output:120467,9,0.0,0.0
output:332556,9,0.0,0.0
output:332562,9,0.0,0.0
output:332560,9,0.0,0.0
output:242906,9,0.0,0.0
output:243612,9,0.0,0.0
output:243610,9,0.0,0.0
output:622662,9,0.0,0.0
output:523491,9,0.0,0.0
output:241961,9,0.0,0.0
output:454303,9,0.0,0.0
output:242213,9,0.0,0.0
output:485486,9,0.0,0.0
output:524363,9,0.0,0.0
output:998478,9,0.0,0.0
output:998480,9,0.0,0.0
output:998485,9,0.0,0.0
output:998491,9,0.0,0.0
output:998498,9,0.0,0.0
output:486088,9,0.0,0.0
output:454745,9,0.0,0.0
output:486640,9,0.0,0.0
output:959317,9,0.0,0.0
output:959315,9,0.0,0.0
output:959311,9,0.0,0.0
output:789835,9,0.0,0.0
output:789834,9,0.0,0.0
output:789833,9,0.0,0.0
output:789832,9,0.0,0.0
output:455870,9,0.0,0.0
output:455868,9,0.0,0.0
output:698830,9,0.0,0.0
output:698831,9,0.0,0.0
output:698828,9,0.0,0.0
output:698829,9,0.0,0.0
output:698832,9,0.0,0.0
output:363038,9,0.0,0.0
output:22839,9,0.0,0.0
output:22841,9,0.0,0.0
output:22842,9,0.0,0.0
output:406021,9,0.0,0.0
output:406023,9,0.0,0.0
output:406022,9,0.0,0.0
output:406024,9,0.0,0.0
output:406095,9,0.0,0.0
output:364057,9,0.0,0.0
output:53929,9,0.0,0.0
output:405516,9,0.0,0.0
output:363708,9,0.0,0.0
output:217746,9,0.0,0.0
output:217740,9,0.0,0.0
output:217165,9,0.0,0.0
output:909664,9,0.0,0.0
output:909665,9,0.0,0.0
output:599390,9,0.0,0.0
output:599394,9,0.0,0.0
output:955030,9,0.0,0.0
output:955031,9,0.0,0.0
output:599904,9,0.0,0.0
output:599909,9,0.0,0.0
output:599919,9,0.0,0.0
output:600680,9,0.0,0.0
output:600685,9,0.0,0.0
output:600678,9,0.0,0.0
output:600743,9,0.0,0.0
output:293905,9,0.0,0.0
output:293895,9,0.0,0.0
output:293892,9,0.0,0.0
output:293873,9,0.0,0.0
output:883468,9,0.0,0.0
output:883465,9,0.0,0.0
output:883464,9,0.0,0.0
output:883467,9,0.0,0.0
output:293075,9,0.0,0.0
output:200282,9,0.0,0.0
output:200287,9,0.0,0.0
output:200284,9,0.0,0.0
output:566122,9,0.0,0.0
output:566100,9,0.0,0.0
output:566088,9,0.0,0.0
output:566095,9,0.0,0.0
output:52913,9,0.0,3.615050421996041
output:332785,9,0.0,0.0
output:332172,9,0.0,0.0
output:23019,9,0.0,0.0
output:167447,9,0.0,0.0
output:167450,9,0.0,0.0
output:293098,9,0.0,0.0
output:294959,10,0.0,-1.0
output:486248,10,0.0,0.0
output:408466,10,0.0,0.0
output:364177,10,0.0,0.0
output:364176,10,0.0,0.0
output:601359,10,0.0,0.0
output:979799,11,0.0,-1.0
output:979803,11,0.0,0.0
output:852356,11,0.0,0.0
output:998226,11,0.0,0.0
output:696624,11,0.0,0.0
output:123246,11,0.0,0.0
output:123245,11,0.0,0.0
output:600482,11,7.355594133607924,7.355594133607924
output:600485,11,7.355594133607924,7.355594133607924
output:123513,11,7.355594133607924,7.355594133607924
output:294954,-1,-1.0,-1.0
output:294960,-1,-1.0,-1.0
output:245014,-1,-1.0,-1.0
output:245018,-1,-1.0,-1.0
output:52437,12,0.0,-1.0
output:602652,12,0.0,0.0
output:602653,12,0.0,0.0
output:602666,12,0.0,0.0
output:602661,12,0.0,0.0
output:602657,12,0.0,0.0
output:602659,12,0.0,0.0
output:568864,12,0.0,0.0
output:568867,12,0.0,0.0
output:568855,12,0.0,0.0
output:568849,12,0.0,0.0
output:245000,-1,-1.0,-1.0
output:979878,13,0.0,-1.0
output:979872,13,0.0,0.0
output:730370,13,0.0,0.0
output:730372,13,0.0,0.0
output:730373,13,0.0,0.0
output:763097,13,0.0,0.0
output:456345,13,0.0,0.0
output:126494,13,7.362697722894036,7.362697722894036
output:295131,-1,-1.0,-1.0
output:122877,-1,-1.0,-1.0
output:52478,-1,-1.0,-1.0
output:405348,14,0.0,-1.0
output:405346,14,0.0,0.0
output:405347,14,0.0,0.0
output:296752,14,0.0,0.0
output:296763,14,0.0,0.0
output:296767,14,0.0,0.0
output:365576,14,0.0,0.0
output:365577,14,0.0,0.0
output:296806,14,0.0,0.0
output:296801,14,0.0,0.0
output:296812,14,0.0,0.0
output:296808,14,0.0,0.0
output:296788,14,0.0,0.0
output:296785,14,0.0,0.0
output:296775,14,0.0,0.0
output:296772,14,0.0,0.0
output:296779,14,0.0,0.0
output:57474,14,0.0,0.0
output:57473,14,0.0,0.0
output:57472,14,0.0,0.0
output:57471,14,0.0,0.0
output:57470,14,0.0,0.0
output:334445,15,0.0,-1.0
output:244703,15,0.0,0.0
output:242730,15,0.0,0.0
output:364308,15,0.0,0.0
output:570090,15,0.0,0.0
output:570093,15,0.0,0.0
output:570096,15,0.0,0.0
output:602790,15,0.0,0.0
output:602791,15,0.0,0.0
output:602794,15,0.0,0.0
output:124081,15,0.0,0.0
output:124080,15,0.0,0.0
output:124082,15,0.0,0.0
output:124076,15,0.0,0.0
output:124078,15,0.0,0.0
output:124079,15,0.0,0.0
output:122871,-1,-1.0,-1.0
output:52471,-1,-1.0,-1.0
output:245059,-1,-1.0,-1.0
output:295068,-1,-1.0,-1.0
output:295067,-1,-1.0,-1.0
output:295076,16,0.0,-1.0
output:54608,16,0.0,0.0
output:54609,16,0.0,0.0
output:600838,16,0.0,0.0
output:600834,16,0.0,0.0
output:568919,16,0.0,0.0
output:295779,17,0.0,-1.0
output:295775,17,0.0,0.0
output:332289,17,0.0,0.0
output:332291,17,0.0,0.0
output:332292,17,0.0,0.0
output:332296,17,0.0,0.0
output:22984,17,0.0,0.0
output:22990,17,0.0,0.0
output:22988,17,0.0,0.0
output:124440,17,0.0,0.0
output:124441,17,0.0,0.0
output:121930,-1,-1.0,-1.0
output:121934,-1,-1.0,-1.0
output:334260,18,0.0,-1.0
output:295459,18,0.0,0.0
output:295446,18,0.0,0.0
output:455779,18,0.0,0.0
output:406410,18,0.0,0.0
output:599977,18,0.0,0.0
output:599974,18,0.0,0.0
output:245501,-1,-1.0,-1.0
output:53053,-1,-1.0,-1.0
output:121860,-1,-1.0,-1.0
output:53011,-1,-1.0,-1.0
output:245466,19,0.0,-1.0
output:55341,19,0.0,0.0
output:55339,19,0.0,0.0
output:217427,19,0.0,0.0
output:567313,19,0.0,0.0
output:567309,19,0.0,0.0
output:123202,19,0.0,0.0
output:123207,19,0.0,0.0
output:121879,20,0.0,-1.0
output:121884,20,0.0,0.0
output:121880,20,0.0,0.0
output:121882,20,0.0,0.0
output:122003,20,0.0,0.0
output:51377,20,0.0,0.0
output:641098,20,0.0,0.0
output:332662,20,0.0,0.0
output:242776,20,0.0,0.0
output:332561,20,0.0,0.0
output:622688,20,0.0,0.0
output:243676,20,0.0,0.0
output:243668,20,0.0,0.0
output:523843,20,0.0,0.0
output:363424,20,0.0,0.0
output:406634,20,0.0,0.0
output:406633,20,0.0,0.0
output:406632,20,0.0,0.0
output:22869,20,0.0,0.0
output:22872,20,0.0,0.0
output:23076,20,0.0,0.0
output:166762,20,0.0,0.0
output:166757,20,0.0,0.0
output:599895,20,0.0,0.0
output:599898,20,0.0,0.0
output:850756,20,0.0,0.0
output:601631,20,0.0,0.0
output:601626,20,0.0,0.0
output:57365,20,0.0,0.0
output:57364,20,0.0,0.0
output:294442,20,0.0,0.0
output:567637,20,0.0,0.0
output:567644,20,0.0,0.0
output:567652,20,0.0,0.0
output:567661,20,0.0,0.0
output:294100,20,0.0,0.0
output:294104,20,0.0,0.0
output:294087,20,0.0,0.0
output:294095,20,0.0,0.0
output:294091,20,0.0,0.0
output:294089,20,0.0,0.0
output:565661,20,0.0,0.0
output:565680,20,0.0,0.0
output:565675,20,0.0,0.0
output:565664,20,0.0,0.0
output:565670,20,0.0,0.0
output:334217,-1,-1.0,-1.0
output:295692,21,0.0,-1.0
output:51704,21,0.0,0.0
output:23474,21,0.0,0.0
output:569489,21,0.0,0.0
output:125634,21,0.0,0.0
output:125632,21,0.0,0.0
output:125629,21,0.0,0.0
output:125628,21,0.0,0.0
output:125631,21,0.0,0.0
output:53012,-1,-1.0,-1.0
output:364546,-1,-1.0,-1.0
output:334193,22,0.0,-1.0
output:455914,22,0.0,0.0
output:525963,22,0.0,0.0
output:126038,22,0.0,0.0
output:126039,22,0.0,0.0
output:126037,22,0.0,0.0
output:245287,-1,-1.0,-1.0
output:334194,-1,-1.0,-1.0
output:334199,23,19.96406507843662,-1.0
output:601792,23,19.96406507843662,19.96406507843662
output:601796,23,19.96406507843662,19.96406507843662
output:247373,23,19.96406507843662,19.96406507843662
output:56354,23,19.96406507843662,19.96406507843662
output:246749,23,19.96406507843662,19.96406507843662
output:245293,-1,-1.0,-1.0
output:295907,-1,-1.0,-1.0
output:53197,24,0.0,-1.0
output:364715,24,0.0,0.0
output:243471,24,0.0,0.0
output:243479,24,0.0,0.0
output:243481,24,0.0,0.0
output:524290,24,0.0,0.0
output:998375,24,0.0,0.0
output:23333,24,0.0,0.0
output:925717,24,0.0,0.0
output:925718,24,0.0,0.0
output:925719,24,0.0,0.0
output:851791,24,0.0,0.0
output:851793,24,0.0,0.0
output:851792,24,0.0,0.0
output:851795,24,0.0,0.0
output:602258,24,0.0,0.0
output:602256,24,0.0,0.0
output:602242,24,0.0,0.0
output:602247,24,0.0,0.0
output:602251,24,0.0,0.0
output:602239,24,0.0,0.0
output:602233,24,0.0,0.0
output:602228,24,0.0,0.0
output:602230,24,0.0,0.0
output:602224,24,0.0,0.0
output:602226,24,0.0,0.0
output:602227,24,0.0,0.0
output:602222,24,0.0,0.0
output:602219,24,0.0,0.0
output:566677,24,0.0,0.0
output:566687,24,0.0,0.0
output:566696,24,0.0,0.0
output:566703,24,0.0,0.0
output:53188,-1,-1.0,-1.0
output:53187,-1,-1.0,-1.0
output:53212,25,0.0,-1.0
output:53210,25,0.0,0.0
output:53211,25,0.0,0.0
output:296791,25,0.0,0.0
output:296792,25,0.0,0.0
output:56399,25,0.0,0.0
output:56398,25,0.0,0.0
output:525578,25,0.0,0.0
output:218186,25,0.0,0.0
output:602604,25,0.0,0.0
output:602605,25,0.0,0.0
output:602600,25,0.0,0.0
output:602601,25,0.0,0.0
output:602612,25,0.0,0.0
output:602611,25,0.0,0.0
output:602608,25,0.0,0.0
output:293976,25,0.0,0.0
output:122022,-1,-1.0,-1.0
output:122021,-1,-1.0,-1.0
output:122036,-1,-1.0,-1.0
output:245317,-1,-1.0,-1.0
output:121990,26,0.0,-1.0
output:121220,26,0.0,0.0
output:121219,26,0.0,0.0
output:524872,26,0.0,0.0
output:486257,26,0.0,0.0
output:456422,26,0.0,0.0
output:363020,26,0.0,0.0
output:294753,26,0.0,0.0
output:641898,26,5.112032144611937,5.112032144611937
output:364696,-1,-1.0,-1.0
output:53144,-1,-1.0,-1.0
output:245338,27,0.0,-1.0
output:364829,27,0.0,0.0
output:364828,27,0.0,0.0
output:364827,27,0.0,0.0
output:488621,27,0.0,0.0
output:526282,27,0.0,0.0
output:23977,27,0.0,0.0
output:23984,27,0.0,0.0
output:456720,27,0.0,0.0
output:599773,27,0.0,0.0
output:601461,27,0.0,0.0
output:601445,27,0.0,0.0
output:601454,27,0.0,0.0
output:601453,27,0.0,0.0
output:601448,27,0.0,0.0
output:168092,27,0.0,0.0
output:334063,-1,-1.0,-1.0
output:245649,28,0.0,-1.0
output:245645,28,0.0,0.0
output:640965,28,0.0,0.0
output:640964,28,0.0,0.0
output:487333,28,0.0,0.0
output:407525,28,0.0,0.0
output:24166,28,0.0,0.0
output:24164,28,0.0,0.0
output:527323,28,0.0,0.0
output:569860,28,0.0,0.0
output:569854,28,0.0,0.0
output:569848,28,0.0,0.0
output:569846,28,0.0,0.0
output:569842,28,0.0,0.0
output:569837,28,0.0,0.0
output:602988,28,0.0,0.0
output:199957,28,0.0,0.0
output:122160,-1,-1.0,-1.0
output:122149,-1,-1.0,-1.0
output:122353,-1,-1.0,-1.0
output:52979,29,0.0,-1.0
output:122302,29,0.0,0.0
output:641292,29,0.0,0.0
output:407593,29,0.0,0.0
output:407592,29,0.0,0.0
output:363229,29,0.0,0.0
output:363228,29,0.0,0.0
output:599744,29,0.0,0.0
output:599748,29,0.0,0.0
output:600201,29,0.0,0.0
output:293620,29,0.0,0.0
output:295670,-1,-1.0,-1.0
output:52973,-1,-1.0,-1.0
output:122351,-1,-1.0,-1.0
output:122337,-1,-1.0,-1.0
output:979328,-1,-1.0,-1.0
output:122338,-1,-1.0,-1.0
output:52963,-1,-1.0,-1.0
output:122334,-1,-1.0,-1.0
output:122333,-1,-1.0,-1.0
output:245518,-1,-1.0,-1.0
output:333915,-1,-1.0,-1.0
output:295641,30,0.0,-1.0
output:121730,30,0.0,0.0
output:121729,30,0.0,0.0
output:486471,30,0.0,0.0
output:486466,30,0.0,0.0
output:526247,30,0.0,0.0
output:167825,30,0.0,0.0
output:245615,-1,-1.0,-1.0
output:245589,-1,-1.0,-1.0
output:245592,31,0.0,-1.0
output:566351,31,0.0,0.0
output:566346,31,0.0,0.0
output:566364,31,0.0,0.0
output:566363,31,0.0,0.0
output:566356,31,0.0,0.0
output:52884,32,0.0,-1.0
output:243791,32,0.0,0.0
output:243793,32,0.0,0.0
output:52121,32,0.0,0.0
output:641160,32,0.0,0.0
output:487537,32,0.0,0.0
output:332129,32,0.0,0.0
output:523758,32,0.0,0.0
output:455702,32,0.0,0.0
output:455703,32,0.0,0.0
output:363345,32,0.0,0.0
output:406203,32,0.0,0.0
output:406202,32,0.0,0.0
output:363681,32,0.0,0.0
output:600174,32,0.0,0.0
output:294523,32,0.0,0.0
output:294015,32,0.0,0.0
output:294006,32,0.0,0.0
output:621962,32,0.0,0.0
output:565918,32,0.0,0.0
output:566655,32,0.0,0.0
output:566646,32,0.0,0.0
output:168943,32,0.0,0.0
output:730992,-1,-1.0,-1.0
output:122248,-1,-1.0,-1.0
output:245578,-1,-1.0,-1.0
output:245583,-1,-1.0,-1.0
output:296219,33,6.71232448578628,-1.0
output:296228,33,6.71232448578628,6.71232448578628
output:296225,33,6.71232448578628,6.71232448578628
output:296232,33,6.71232448578628,6.71232448578628
output:641806,33,6.71232448578628,6.71232448578628
output:123995,33,6.71232448578628,6.71232448578628
output:123997,33,6.71232448578628,6.71232448578628
output:51511,-1,-1.0,-1.0
output:243856,34,0.0,-1.0
output:243864,34,0.0,0.0
output:297513,34,0.0,0.0
output:297506,34,0.0,0.0
output:297508,34,0.0,0.0
output:297503,34,0.0,0.0
output:525152,34,0.0,0.0
output:408151,34,0.0,0.0
output:602894,34,0.0,0.0
output:602908,34,0.0,0.0
output:602906,34,0.0,0.0
output:602903,34,0.0,0.0
output:602897,34,0.0,0.0
output:602898,34,0.0,0.0
output:602915,34,0.0,0.0
output:567383,34,0.0,0.0
output:567391,34,0.0,0.0
output:567413,34,0.0,0.0
output:567421,34,0.0,0.0
output:567417,34,0.0,0.0
output:567395,34,0.0,0.0
output:567406,34,0.0,0.0
output:567401,34,0.0,0.0
output:567426,34,0.0,0.0
output:567431,34,0.0,0.0
output:567429,34,0.0,0.0
output:124517,34,0.0,0.0
output:124516,34,0.0,0.0
output:124518,34,0.0,0.0
output:124513,34,0.0,0.0
output:124515,34,0.0,0.0
output:124514,34,0.0,0.0
output:51586,35,0.0,-1.0
output:332528,35,0.0,0.0
output:332529,35,0.0,0.0
output:296975,35,0.0,0.0
output:408161,35,0.0,0.0
output:408160,35,0.0,0.0
output:125983,35,0.0,0.0
output:125985,35,0.0,0.0
output:125984,35,0.0,0.0
output:568500,35,0.0,0.0
output:568495,35,0.0,0.0
output:296341,-1,-1.0,-1.0
output:296326,-1,-1.0,-1.0
output:121509,-1,-1.0,-1.0
output:121518,-1,-1.0,-1.0
output:121516,-1,-1.0,-1.0
output:641912,-1,-1.0,-1.0
output:296392,36,0.0,-1.0
output:296399,36,0.0,0.0
output:296388,36,0.0,0.0
output:244721,36,0.0,0.0
output:244711,36,0.0,0.0
output:244719,36,0.0,0.0
output:242181,36,0.0,0.0
output:333136,36,0.0,0.0
output:333140,36,0.0,0.0
output:242393,36,0.0,0.0
output:55716,36,0.0,0.0
output:55712,36,0.0,0.0
output:55713,36,0.0,0.0
output:55714,36,0.0,0.0
output:55715,36,0.0,0.0
output:55711,36,0.0,0.0
output:527079,36,0.0,0.0
output:527081,36,0.0,0.0
output:527084,36,0.0,0.0
output:601916,36,0.0,0.0
output:601939,36,0.0,0.0
output:601943,36,0.0,0.0
output:601944,36,0.0,0.0
output:601924,36,0.0,0.0
output:601929,36,0.0,0.0
output:601933,36,0.0,0.0
output:569021,36,0.0,0.0
output:569019,36,0.0,0.0
output:569056,36,0.0,0.0
output:569043,36,0.0,0.0
output:569046,36,0.0,0.0
output:569050,36,0.0,0.0
output:569052,36,0.0,0.0
output:569024,36,0.0,0.0
output:569028,36,0.0,0.0
output:569032,36,0.0,0.0
output:569039,36,0.0,0.0
output:569037,36,0.0,0.0
output:123330,36,0.0,0.0
output:123332,36,0.0,0.0
output:366276,-1,-1.0,-1.0
output:121595,-1,-1.0,-1.0
output:121626,-1,-1.0,-1.0
output:121611,37,0.0,-1.0
output:121609,37,0.0,0.0
output:121612,37,0.0,0.0
output:121613,37,0.0,0.0
output:564945,37,0.0,0.0
output:564938,37,0.0,0.0
output:56668,37,0.0,0.0
output:526820,37,0.0,0.0
output:568607,37,0.0,0.0
output:568612,37,0.0,0.0
output:123052,37,0.0,0.0
output:123053,37,0.0,0.0
output:123049,37,0.0,0.0
output:121603,-1,-1.0,-1.0
output:641674,-1,-1.0,-1.0
output:641676,-1,-1.0,-1.0
output:641670,-1,-1.0,-1.0
output:366395,-1,-1.0,-1.0
output:296002,38,0.0,-1.0
output:296010,38,0.0,0.0
output:296016,38,0.0,0.0
output:56782,38,0.0,0.0
output:56783,38,0.0,0.0
output:56786,38,0.0,0.0
output:56785,38,0.0,0.0
output:56784,38,0.0,0.0
output:567507,38,0.0,0.0
output:567504,38,0.0,0.0
output:567501,38,0.0,0.0
output:296004,-1,-1.0,-1.0
output:244100,39,0.0,-1.0
output:244094,39,0.0,0.0
output:244089,39,0.0,0.0
output:242336,39,0.0,0.0
output:242330,39,0.0,0.0
output:242317,39,0.0,0.0
output:332931,39,0.0,0.0
output:455096,39,0.0,0.0
output:486407,39,0.0,0.0
output:294788,39,0.0,0.0
output:294799,39,0.0,0.0
output:294793,39,0.0,0.0
output:293642,39,0.0,0.0
output:293649,39,0.0,0.0
output:293804,39,0.0,0.0
output:293802,39,0.0,0.0
output:293798,39,0.0,0.0
output:293628,39,0.0,0.0
output:293631,39,0.0,0.0
output:293622,39,0.0,0.0
output:296028,-1,-1.0,-1.0
output:121720,40,0.0,-1.0
output:296086,40,0.0,0.0
output:51879,40,0.0,0.0
output:524711,40,0.0,0.0
output:57093,40,0.0,0.0
output:406164,40,0.0,0.0
output:167661,40,0.0,0.0
output:601687,40,0.0,0.0
output:601691,40,0.0,0.0
output:126340,40,0.0,0.0
output:244130,-1,-1.0,-1.0
output:641752,-1,-1.0,-1.0
output:244136,-1,-1.0,-1.0
output:641570,-1,-1.0,-1.0
output:366467,-1,-1.0,-1.0
output:366466,-1,-1.0,-1.0
output:244045,-1,-1.0,-1.0
output:564734,-1,-1.0,-1.0
output:296110,-1,-1.0,-1.0
output:641605,-1,-1.0,-1.0
output:366568,-1,-1.0,-1.0
output:121830,41,0.0,-1.0
output:455545,41,0.0,0.0
output:456019,41,0.0,0.0
output:54295,41,0.0,0.0
output:54296,41,0.0,0.0
output:23424,41,0.0,0.0
output:218319,41,0.0,0.0
output:601003,41,0.0,0.0
output:568138,41,0.0,0.0
output:568145,41,0.0,0.0
output:641459,-1,-1.0,-1.0
output:244384,-1,-1.0,-1.0
output:120953,42,0.0,-1.0
output:120952,42,0.0,0.0
output:487746,42,0.0,0.0
output:298287,42,0.0,0.0
output:407041,42,0.0,0.0
output:407040,42,0.0,0.0
output:407039,42,0.0,0.0
output:407038,42,0.0,0.0
output:246677,42,0.0,0.0
output:120956,-1,-1.0,-1.0
output:564736,-1,-1.0,-1.0
output:296786,43,0.0,-1.0
output:296793,43,0.0,0.0
output:958699,43,0.0,0.0
output:958690,43,0.0,0.0
output:23479,43,0.0,0.0
output:909918,43,0.0,0.0
output:851139,43,0.0,0.0
output:296770,-1,-1.0,-1.0
output:52051,-1,-1.0,-1.0
output:365748,44,0.0,-1.0
output:365746,44,0.0,0.0
output:640712,44,0.0,0.0
output:296970,44,0.0,0.0
output:622943,44,0.0,0.0
output:408070,44,0.0,0.0
output:217769,44,0.0,0.0
output:217771,44,0.0,0.0
output:217767,44,0.0,0.0
output:567843,44,0.0,0.0
output:567853,44,0.0,0.0
output:567830,44,0.0,0.0
output:567836,44,0.0,0.0
output:125029,44,0.0,0.0
output:980177,-1,-1.0,-1.0
output:296879,-1,-1.0,-1.0
output:365716,-1,-1.0,-1.0
output:120981,45,0.0,-1.0
output:120983,45,0.0,0.0
output:120985,45,0.0,0.0
output:120986,45,0.0,0.0
output:121234,45,0.0,0.0
output:297053,45,0.0,0.0
output:297076,45,0.0,0.0
output:297067,45,0.0,0.0
output:456446,45,0.0,0.0
output:525686,45,0.0,0.0
output:53999,45,0.0,0.0
output:54000,45,0.0,0.0
output:570494,45,0.0,0.0
output:570489,45,0.0,0.0
output:570482,45,0.0,0.0
output:125669,45,0.0,0.0
output:125670,45,0.0,0.0
output:125671,45,0.0,0.0
output:125672,45,0.0,0.0
output:125673,45,0.0,0.0
output:125674,45,0.0,0.0
output:125675,45,0.0,0.0
output:246501,45,0.0,0.0
output:246507,45,0.0,0.0
output:524284,45,0.0,9.26392735538291
output:22496,45,0.0,0.0
output:55089,45,0.0,0.0
output:600603,45,0.0,0.0
output:125328,45,0.0,0.0
output:125327,45,0.0,0.0
output:567280,45,0.0,0.0
output:57246,45,11.746686366432632,11.746686366432632
output:568977,45,11.746686366432632,11.746686366432632
output:120976,-1,-1.0,-1.0
output:120978,-1,-1.0,-1.0
output:52116,-1,-1.0,-1.0
output:296844,-1,-1.0,-1.0
output:641321,-1,-1.0,-1.0
output:296958,-1,-1.0,-1.0
output:296942,-1,-1.0,-1.0
output:641349,-1,-1.0,-1.0
output:121027,46,0.0,-1.0
output:121026,46,0.0,0.0
output:298282,46,0.0,0.0
output:298290,46,0.0,0.0
output:568535,46,0.0,0.0
output:568534,46,0.0,0.0
output:568532,46,0.0,0.0
output:568540,46,0.0,0.0
output:296925,47,0.0,-1.0
output:296918,47,0.0,0.0
output:296913,47,0.0,0.0
output:296904,47,0.0,0.0
output:366634,47,0.0,0.0
output:366633,47,0.0,0.0
output:333021,47,0.0,0.0
output:56725,47,0.0,0.0
output:56724,47,0.0,0.0
output:56723,47,0.0,0.0
output:56722,47,0.0,0.0
output:363250,47,0.0,0.0
output:565556,47,0.0,0.0
output:566690,47,0.0,0.0
output:168598,47,0.0,0.0
output:641192,48,0.0,-1.0
output:641191,48,0.0,0.0
output:487722,48,0.0,0.0
output:640759,48,0.0,0.0
output:56620,48,0.0,0.0
output:456273,48,0.0,0.0
output:456275,48,0.0,0.0
output:294048,48,0.0,0.0
output:294041,48,0.0,0.0
output:293289,48,0.0,0.0
output:293282,48,0.0,0.0
output:123987,48,0.0,0.0
output:123990,48,0.0,0.0
output:123988,48,0.0,0.0
output:123992,48,0.0,0.0
output:641188,-1,-1.0,-1.0
output:365931,-1,-1.0,-1.0
output:296567,49,0.0,-1.0
output:600687,49,0.0,0.0
output:600697,49,0.0,0.0
output:600701,49,0.0,0.0
output:600690,49,0.0,0.0
output:600693,49,0.0,0.0
output:244641,50,0.0,-1.0
output:244627,50,0.0,0.0
output:244633,50,0.0,0.0
output:569101,50,0.0,0.0
output:569098,50,0.0,0.0
output:569092,50,0.0,0.0
output:569088,50,0.0,0.0
output:569084,50,0.0,0.0
output:565199,51,0.0,-1.0
output:565209,51,0.0,0.0
output:126370,51,0.0,0.0
output:126368,51,0.0,0.0
output:126369,51,0.0,0.0
output:568048,51,0.0,0.0
output:568053,51,0.0,0.0
output:568054,51,0.0,0.0
output:456359,51,7.181528649673547,7.181528649673547
output:565210,52,10.090956622109532,-1.0
output:601852,52,10.090956622109532,10.090956622109532
output:407995,52,10.090956622109532,10.090956622109532
output:407994,52,10.090956622109532,10.090956622109532
output:54616,52,10.090956622109532,10.090956622109532
output:566344,52,10.090956622109532,10.090956622109532
output:566352,52,10.090956622109532,10.090956622109532
output:527071,52,16.85292272251382,16.85292272251382
output:122925,52,16.85292272251382,16.85292272251382
output:980368,53,0.0,-1.0
output:980361,53,0.0,0.0
output:242583,53,0.0,0.0
output:242587,53,0.0,0.0
output:698131,53,0.0,0.0
output:23124,53,0.0,0.0
output:23138,53,0.0,0.0
output:366050,-1,-1.0,-1.0
output:641103,54,0.0,-1.0
output:333289,54,0.0,0.0
output:333292,54,0.0,0.0
output:486802,54,0.0,0.0
output:486789,54,0.0,0.0
output:486797,54,0.0,0.0
output:602567,54,0.0,0.0
output:602563,54,0.0,0.0
output:602559,54,0.0,0.0
output:294484,54,0.0,0.0
output:244519,55,0.0,-1.0
output:244513,55,0.0,0.0
output:244503,55,0.0,0.0
output:244495,55,0.0,0.0
output:244486,55,0.0,0.0
output:53980,55,0.0,0.0
output:125525,55,0.0,0.0
output:51927,-1,-1.0,-1.0
output:121300,-1,-1.0,-1.0
output:244499,-1,-1.0,-1.0
output:296660,-1,-1.0,-1.0
output:332623,-1,-1.0,-1.0
output:297437,-1,-1.0,-1.0
output:297451,-1,-1.0,-1.0
output:242751,-1,-1.0,-1.0
output:487867,-1,-1.0,-1.0
output:332545,-1,-1.0,-1.0
output:242753,-1,-1.0,-1.0
output:242755,-1,-1.0,-1.0
output:242805,-1,-1.0,-1.0
output:487908,56,17.378996365354816,-1.0
output:487904,56,17.378996365354816,17.378996365354816
output:56370,56,17.378996365354816,17.378996365354816
output:56368,56,17.378996365354816,17.378996365354816
output:603386,56,17.378996365354816,17.378996365354816
output:242864,56,0.0,17.378996365354816
output:487938,56,0.0,0.0
output:457401,56,0.0,0.0
output:53898,56,0.0,0.0
output:53899,56,0.0,0.0
output:53900,56,0.0,0.0
output:53901,56,0.0,0.0
output:53902,56,0.0,0.0
output:570557,56,0.0,0.0
output:123167,56,0.0,0.0
output:123177,56,0.0,0.0
output:123176,56,0.0,0.0
output:123173,56,0.0,0.0
output:123169,56,0.0,0.0
output:297385,-1,-1.0,-1.0
output:487705,-1,-1.0,-1.0
output:487745,-1,-1.0,-1.0
output:297246,-1,-1.0,-1.0
output:487764,-1,-1.0,-1.0
output:487769,-1,-1.0,-1.0
output:297251,-1,-1.0,-1.0
output:623446,-1,-1.0,-1.0
output:487579,-1,-1.0,-1.0
output:332369,-1,-1.0,-1.0
output:487569,-1,-1.0,-1.0
output:120792,-1,-1.0,-1.0
output:120789,-1,-1.0,-1.0
output:332317,57,0.0,-1.0
output:332250,57,0.0,0.0
output:332247,57,0.0,0.0
output:243405,57,0.0,0.0
output:333012,57,0.0,0.0
output:24134,57,0.0,0.0
output:53695,57,0.0,0.0
output:364181,57,0.0,0.0
output:364180,57,0.0,0.0
output:53698,57,0.0,0.0
output:217534,57,0.0,0.0
output:217536,57,0.0,0.0
output:167524,57,0.0,0.0
output:293333,57,0.0,0.0
output:293331,57,0.0,0.0
output:120748,-1,-1.0,-1.0
output:297134,-1,-1.0,-1.0
output:640720,-1,-1.0,-1.0
output:243150,-1,-1.0,-1.0
output:120621,-1,-1.0,-1.0
output:120622,-1,-1.0,-1.0
output:120637,-1,-1.0,-1.0
output:488365,-1,-1.0,-1.0
output:243317,-1,-1.0,-1.0
output:488392,-1,-1.0,-1.0
output:297804,-1,-1.0,-1.0
output:488290,-1,-1.0,-1.0
output:488291,58,0.0,-1.0
output:488287,58,0.0,0.0
output:488286,58,0.0,0.0
output:567825,58,0.0,0.0
output:567809,58,0.0,0.0
output:567821,58,0.0,0.0
output:567817,58,0.0,0.0
output:567816,58,0.0,0.0
output:294598,58,0.0,0.0
output:567804,58,0.0,0.0
output:567798,58,0.0,0.0
output:567793,58,0.0,0.0
output:603322,58,0.0,0.0
output:297762,-1,-1.0,-1.0
output:488106,-1,-1.0,-1.0
output:852362,-1,-1.0,-1.0
output:243577,59,0.0,-1.0
output:55967,59,0.0,0.0
output:569319,59,0.0,0.0
output:569321,59,0.0,0.0
output:123137,59,0.0,0.0
output:123136,59,0.0,0.0
output:123134,59,0.0,0.0
output:297624,-1,-1.0,-1.0
output:852393,-1,-1.0,-1.0
output:297630,-1,-1.0,-1.0
output:297613,-1,-1.0,-1.0
output:243617,-1,-1.0,-1.0
output:487980,-1,-1.0,-1.0
output:487957,-1,-1.0,-1.0
output:487954,-1,-1.0,-1.0
output:622652,-1,-1.0,-1.0
output:297542,-1,-1.0,-1.0
output:297543,-1,-1.0,-1.0
output:243690,-1,-1.0,-1.0
output:243700,-1,-1.0,-1.0
output:243651,-1,-1.0,-1.0
output:120077,-1,-1.0,-1.0
output:243665,-1,-1.0,-1.0
output:333606,-1,-1.0,-1.0
output:333637,-1,-1.0,-1.0
output:298259,-1,-1.0,-1.0
output:523500,-1,-1.0,-1.0
output:333734,-1,-1.0,-1.0
output:333747,-1,-1.0,-1.0
output:298357,-1,-1.0,-1.0
output:523605,-1,-1.0,-1.0
output:333312,-1,-1.0,-1.0
output:333313,-1,-1.0,-1.0
output:488700,-1,-1.0,-1.0
output:298156,-1,-1.0,-1.0
output:242173,-1,-1.0,-1.0
output:298071,-1,-1.0,-1.0
output:488464,-1,-1.0,-1.0
output:333508,-1,-1.0,-1.0
output:333560,-1,-1.0,-1.0
output:488480,-1,-1.0,-1.0
output:242187,-1,-1.0,-1.0
output:333252,-1,-1.0,-1.0
output:242313,-1,-1.0,-1.0
output:332809,-1,-1.0,-1.0
output:332908,-1,-1.0,-1.0
output:524063,-1,-1.0,-1.0
output:298550,-1,-1.0,-1.0
output:332961,-1,-1.0,-1.0
output:242609,-1,-1.0,-1.0
output:333006,-1,-1.0,-1.0
output:56372,-1,-1.0,-1.0
output:56357,-1,-1.0,-1.0
output:56324,-1,-1.0,-1.0
output:56320,-1,-1.0,-1.0
output:56322,-1,-1.0,-1.0
output:56536,-1,-1.0,-1.0
output:56535,-1,-1.0,-1.0
output:485535,-1,-1.0,-1.0
output:455290,-1,-1.0,-1.0
output:56686,-1,-1.0,-1.0
output:56691,-1,-1.0,-1.0
output:524679,-1,-1.0,-1.0
output:56695,-1,-1.0,-1.0
output:56662,-1,-1.0,-1.0
output:455674,-1,-1.0,-1.0
output:524742,-1,-1.0,-1.0
output:998421,-1,-1.0,-1.0
output:56626,-1,-1.0,-1.0
output:524737,-1,-1.0,-1.0
output:56583,60,0.0,-1.0
output:56582,60,0.0,0.0
output:56581,60,0.0,0.0
output:56580,60,0.0,0.0
output:56579,60,0.0,0.0
output:56589,60,0.0,0.0
output:56588,60,0.0,0.0
output:56587,60,0.0,0.0
output:56586,60,0.0,0.0
output:56585,60,0.0,0.0
output:56584,60,0.0,0.0
output:126144,60,0.0,0.0
output:567561,60,0.0,0.0
output:603049,60,0.0,0.0
output:603531,60,0.0,0.0
output:22921,60,10.406721327856006,10.406721327856006
output:568847,60,10.406721327856006,10.406721327856006
output:56607,-1,-1.0,-1.0
output:56602,-1,-1.0,-1.0
output:56811,-1,-1.0,-1.0
output:56779,-1,-1.0,-1.0
output:524576,-1,-1.0,-1.0
output:455430,-1,-1.0,-1.0
output:455424,-1,-1.0,-1.0
output:56762,-1,-1.0,-1.0
output:485842,61,0.0,-1.0
output:601074,61,0.0,0.0
output:601075,61,0.0,0.0
output:601072,61,0.0,0.0
output:601082,61,0.0,0.0
output:601080,61,0.0,0.0
output:601086,61,0.0,0.0
output:601084,61,0.0,0.0
output:601088,61,0.0,0.0
output:601095,61,0.0,0.0
output:601092,61,0.0,0.0
output:568257,61,0.0,0.0
output:454817,62,0.0,-1.0
output:454821,62,0.0,0.0
output:364170,62,0.0,0.0
output:364171,62,0.0,0.0
output:364172,62,0.0,0.0
output:166588,62,0.0,0.0
output:292905,62,0.0,0.0
output:56954,-1,-1.0,-1.0
output:56953,-1,-1.0,-1.0
output:56935,-1,-1.0,-1.0
output:56939,-1,-1.0,-1.0
output:56938,-1,-1.0,-1.0
output:56936,-1,-1.0,-1.0
output:56968,-1,-1.0,-1.0
output:524923,-1,-1.0,-1.0
output:56970,-1,-1.0,-1.0
output:56962,-1,-1.0,-1.0
output:56967,-1,-1.0,-1.0
output:57015,-1,-1.0,-1.0
output:57006,-1,-1.0,-1.0
output:57005,-1,-1.0,-1.0
output:57154,-1,-1.0,-1.0
output:486174,-1,-1.0,-1.0
output:525220,-1,-1.0,-1.0
output:455100,-1,-1.0,-1.0
output:57208,-1,-1.0,-1.0
output:486227,63,0.0,-1.0
output:486238,63,0.0,0.0
output:567377,63,0.0,0.0
output:567386,63,0.0,0.0
output:567412,63,0.0,0.0
output:567408,63,0.0,0.0
output:567416,63,0.0,0.0
output:567396,63,0.0,0.0
output:567399,63,0.0,0.0
output:245793,63,0.0,0.0
output:124525,63,6.160950811564644,6.160950811564644
output:124527,63,6.160950811564644,6.160950811564644
output:565444,63,18.050355612992426,18.050355612992426
output:486213,-1,-1.0,-1.0
output:57288,-1,-1.0,-1.0
output:525104,64,0.0,-1.0
output:406930,64,0.0,0.0
output:599677,64,0.0,0.0
output:124544,64,0.0,0.0
output:124542,64,0.0,0.0
output:124543,64,0.0,0.0
output:57230,-1,-1.0,-1.0
output:57218,-1,-1.0,-1.0
output:57223,-1,-1.0,-1.0
output:999100,-1,-1.0,-1.0
output:55346,65,0.0,-1.0
output:55345,65,0.0,0.0
output:600497,65,0.0,0.0
output:600500,65,0.0,0.0
output:600504,65,0.0,0.0
output:600509,65,0.0,0.0
output:569600,65,0.0,0.0
output:569602,65,0.0,0.0
output:603773,65,0.0,0.0
output:603774,65,0.0,0.0
output:123520,65,0.0,0.0
output:525549,-1,-1.0,-1.0
output:456403,-1,-1.0,-1.0
output:55418,-1,-1.0,-1.0
output:55399,-1,-1.0,-1.0
output:55379,-1,-1.0,-1.0
output:456259,-1,-1.0,-1.0
output:55428,-1,-1.0,-1.0
output:55430,-1,-1.0,-1.0
output:55431,-1,-1.0,-1.0
output:456287,-1,-1.0,-1.0
output:408423,-1,-1.0,-1.0
output:456246,-1,-1.0,-1.0
output:456247,-1,-1.0,-1.0
output:408434,66,0.0,-1.0
output:408435,66,0.0,0.0
output:23903,66,0.0,0.0
output:53954,66,0.0,0.0
output:124581,66,0.0,0.0
output:124582,66,0.0,0.0
output:456248,-1,-1.0,-1.0
output:55505,-1,-1.0,-1.0
output:486529,-1,-1.0,-1.0
output:55504,-1,-1.0,-1.0
output:55506,-1,-1.0,-1.0
output:456193,-1,-1.0,-1.0
output:55502,-1,-1.0,-1.0
output:55503,-1,-1.0,-1.0
output:408214,-1,-1.0,-1.0
output:408193,-1,-1.0,-1.0
output:959176,-1,-1.0,-1.0
output:525708,-1,-1.0,-1.0
output:525740,-1,-1.0,-1.0
output:486661,-1,-1.0,-1.0
output:486901,-1,-1.0,-1.0
output:486898,-1,-1.0,-1.0
output:456570,-1,-1.0,-1.0
output:55738,-1,-1.0,-1.0
output:456542,-1,-1.0,-1.0
output:408074,-1,-1.0,-1.0
output:55780,67,0.0,-1.0
output:124351,67,0.0,0.0
output:124350,67,0.0,0.0
output:124353,67,0.0,0.0
output:124354,67,0.0,0.0
output:124355,67,0.0,0.0
output:525577,-1,-1.0,-1.0
output:456472,-1,-1.0,-1.0
output:55767,-1,-1.0,-1.0
output:55766,-1,-1.0,-1.0
output:55765,-1,-1.0,-1.0
output:456462,-1,-1.0,-1.0
output:55769,-1,-1.0,-1.0
output:55768,-1,-1.0,-1.0
output:455877,-1,-1.0,-1.0
output:455898,-1,-1.0,-1.0
output:407960,-1,-1.0,-1.0
output:526066,-1,-1.0,-1.0
output:455892,-1,-1.0,-1.0
output:455894,-1,-1.0,-1.0
output:487008,-1,-1.0,-1.0
output:55893,-1,-1.0,-1.0
output:55881,-1,-1.0,-1.0
output:55882,-1,-1.0,-1.0
output:55935,-1,-1.0,-1.0
output:55937,-1,-1.0,-1.0
output:407838,-1,-1.0,-1.0
output:55970,-1,-1.0,-1.0
output:698838,-1,-1.0,-1.0
output:55983,-1,-1.0,-1.0
output:487164,-1,-1.0,-1.0
output:455709,-1,-1.0,-1.0
output:455712,-1,-1.0,-1.0
output:998353,-1,-1.0,-1.0
output:407920,-1,-1.0,-1.0
output:487092,-1,-1.0,-1.0
output:487261,-1,-1.0,-1.0
output:456149,-1,-1.0,-1.0
output:698471,-1,-1.0,-1.0
output:407681,-1,-1.0,-1.0
output:407682,-1,-1.0,-1.0
output:487289,-1,-1.0,-1.0
output:56108,68,5.092618158213633,-1.0
output:56117,68,5.092618158213633,5.092618158213633
output:602191,68,5.092618158213633,5.092618158213633
output:602189,68,5.092618158213633,5.092618158213633
output:126894,68,5.092618158213633,5.092618158213633
output:566416,68,5.092618158213633,5.092618158213633
output:456177,-1,-1.0,-1.0
output:487265,-1,-1.0,-1.0
output:456160,-1,-1.0,-1.0
output:456088,-1,-1.0,-1.0
output:698430,-1,-1.0,-1.0
output:998013,-1,-1.0,-1.0
output:456028,-1,-1.0,-1.0
output:56223,-1,-1.0,-1.0
output:407600,-1,-1.0,-1.0
output:698528,-1,-1.0,-1.0
output:698527,-1,-1.0,-1.0
output:998097,-1,-1.0,-1.0
output:56305,-1,-1.0,-1.0
output:56304,-1,-1.0,-1.0
output:998099,-1,-1.0,-1.0
output:56319,-1,-1.0,-1.0
output:455981,-1,-1.0,-1.0
output:54476,-1,-1.0,-1.0
output:23899,-1,-1.0,-1.0
output:407368,-1,-1.0,-1.0
output:407367,-1,-1.0,-1.0
output:457331,-1,-1.0,-1.0
output:23834,-1,-1.0,-1.0
output:407297,69,0.0,-1.0
output:569813,69,0.0,0.0
output:569805,69,0.0,0.0
output:569807,69,0.0,0.0
output:57353,69,0.0,0.0
output:57351,69,0.0,0.0
output:698142,-1,-1.0,-1.0
output:363389,-1,-1.0,-1.0
output:54382,-1,-1.0,-1.0
output:54381,-1,-1.0,-1.0
output:54388,-1,-1.0,-1.0
output:54389,-1,-1.0,-1.0
output:363367,-1,-1.0,-1.0
output:24002,-1,-1.0,-1.0
output:54342,-1,-1.0,-1.0
output:23973,70,0.0,-1.0
output:23982,70,0.0,0.0
output:293319,70,0.0,0.0
output:293313,70,0.0,0.0
output:124673,70,0.0,0.0
output:124672,70,0.0,0.0
output:566431,70,0.0,0.0
output:457465,-1,-1.0,-1.0
output:407436,-1,-1.0,-1.0
output:407437,-1,-1.0,-1.0
output:54771,-1,-1.0,-1.0
output:363245,-1,-1.0,-1.0
output:407138,-1,-1.0,-1.0
output:363249,-1,-1.0,-1.0
output:54746,-1,-1.0,-1.0
output:407129,-1,-1.0,-1.0
output:407099,-1,-1.0,-1.0
output:526702,-1,-1.0,-1.0
output:23583,-1,-1.0,-1.0
output:23578,-1,-1.0,-1.0
output:54640,-1,-1.0,-1.0
output:54625,71,0.0,-1.0
output:54627,71,0.0,0.0
output:54629,71,0.0,0.0
output:54628,71,0.0,0.0
output:54630,71,0.0,0.0
output:54619,71,0.0,0.0
output:54623,71,0.0,0.0
output:54621,71,0.0,0.0
output:458365,71,0.0,0.0
output:457187,71,19.683978421498832,19.683978421498832
output:54622,-1,-1.0,-1.0
output:54620,-1,-1.0,-1.0
output:23692,-1,-1.0,-1.0
output:54976,-1,-1.0,-1.0
output:55014,-1,-1.0,-1.0
output:54926,-1,-1.0,-1.0
output:526955,-1,-1.0,-1.0
output:54933,-1,-1.0,-1.0
output:54864,-1,-1.0,-1.0
output:54865,-1,-1.0,-1.0
output:54830,-1,-1.0,-1.0
output:406944,-1,-1.0,-1.0
output:24135,-1,-1.0,-1.0
output:527155,-1,-1.0,-1.0
output:24130,-1,-1.0,-1.0
output:55281,-1,-1.0,-1.0
output:55280,-1,-1.0,-1.0
output:55278,-1,-1.0,-1.0
output:55274,-1,-1.0,-1.0
output:24163,-1,-1.0,-1.0
output:24089,-1,-1.0,-1.0
output:697568,-1,-1.0,-1.0
output:527218,-1,-1.0,-1.0
output:55172,-1,-1.0,-1.0
output:24122,-1,-1.0,-1.0
output:55216,-1,-1.0,-1.0
output:55133,-1,-1.0,-1.0
output:24282,-1,-1.0,-1.0
output:24303,-1,-1.0,-1.0
output:406659,-1,-1.0,-1.0
output:55054,-1,-1.0,-1.0
output:55053,-1,-1.0,-1.0
output:55052,-1,-1.0,-1.0
output:457203,-1,-1.0,-1.0
output:55083,-1,-1.0,-1.0
output:527439,-1,-1.0,-1.0
output:53394,72,0.0,-1.0
output:217828,72,0.0,0.0
output:294708,72,0.0,0.0
output:167984,72,0.0,0.0
output:123165,72,0.0,0.0
output:123168,72,0.0,0.0
output:406388,-1,-1.0,-1.0
output:22884,-1,-1.0,-1.0
output:406387,-1,-1.0,-1.0
output:527360,-1,-1.0,-1.0
output:406357,-1,-1.0,-1.0
output:406421,-1,-1.0,-1.0
output:53251,-1,-1.0,-1.0
output:406411,-1,-1.0,-1.0
output:406406,-1,-1.0,-1.0
output:23001,-1,-1.0,-1.0
output:364193,-1,-1.0,-1.0
output:22563,-1,-1.0,-1.0
output:364175,-1,-1.0,-1.0
output:22558,-1,-1.0,-1.0
output:22553,-1,-1.0,-1.0
output:53657,-1,-1.0,-1.0
output:53747,-1,-1.0,-1.0
output:696916,-1,-1.0,-1.0
output:53529,-1,-1.0,-1.0
output:22739,-1,-1.0,-1.0
output:53932,-1,-1.0,-1.0
output:457735,-1,-1.0,-1.0
output:53983,-1,-1.0,-1.0
output:53982,-1,-1.0,-1.0
output:364028,-1,-1.0,-1.0
output:53985,-1,-1.0,-1.0
output:457775,-1,-1.0,-1.0
output:363780,-1,-1.0,-1.0
output:53791,-1,-1.0,-1.0
output:53805,-1,-1.0,-1.0
output:23483,-1,-1.0,-1.0
output:23488,-1,-1.0,-1.0
output:405952,-1,-1.0,-1.0
output:405995,-1,-1.0,-1.0
output:458063,-1,-1.0,-1.0
output:458084,-1,-1.0,-1.0
output:54182,-1,-1.0,-1.0
output:54190,-1,-1.0,-1.0
output:54191,-1,-1.0,-1.0
output:363747,-1,-1.0,-1.0
output:23286,-1,-1.0,-1.0
output:23276,-1,-1.0,-1.0
output:218046,-1,-1.0,-1.0
output:218090,-1,-1.0,-1.0
output:218087,-1,-1.0,-1.0
output:167169,-1,-1.0,-1.0
output:167166,-1,-1.0,-1.0
output:167160,-1,-1.0,-1.0
output:167157,-1,-1.0,-1.0
output:167159,-1,-1.0,-1.0
output:167133,-1,-1.0,-1.0
output:217853,-1,-1.0,-1.0
output:217840,-1,-1.0,-1.0
output:217617,-1,-1.0,-1.0
output:217616,-1,-1.0,-1.0
output:217614,-1,-1.0,-1.0
output:167921,-1,-1.0,-1.0
output:167852,-1,-1.0,-1.0
output:167775,-1,-1.0,-1.0
output:167801,-1,-1.0,-1.0
output:217402,-1,-1.0,-1.0
output:167686,-1,-1.0,-1.0
output:167678,-1,-1.0,-1.0
output:167584,-1,-1.0,-1.0
output:599462,-1,-1.0,-1.0
output:599516,-1,-1.0,-1.0
output:166834,-1,-1.0,-1.0
output:166684,-1,-1.0,-1.0
output:599587,-1,-1.0,-1.0
output:599580,-1,-1.0,-1.0
output:599969,-1,-1.0,-1.0
output:218318,73,0.0,-1.0
output:294370,73,0.0,0.0
output:294363,73,0.0,0.0
output:294362,73,0.0,0.0
output:568808,73,0.0,0.0
output:568818,73,0.0,0.0
output:166564,-1,-1.0,-1.0
output:600043,-1,-1.0,-1.0
output:600038,-1,-1.0,-1.0
output:600051,-1,-1.0,-1.0
output:600049,-1,-1.0,-1.0
output:600016,-1,-1.0,-1.0
output:599851,-1,-1.0,-1.0
output:599862,-1,-1.0,-1.0
output:599856,-1,-1.0,-1.0
output:218176,-1,-1.0,-1.0
output:599814,-1,-1.0,-1.0
output:599915,-1,-1.0,-1.0
output:599912,-1,-1.0,-1.0
output:599921,-1,-1.0,-1.0
output:599924,-1,-1.0,-1.0
output:166466,-1,-1.0,-1.0
output:600158,-1,-1.0,-1.0
output:600188,-1,-1.0,-1.0
output:600184,-1,-1.0,-1.0
output:600178,-1,-1.0,-1.0
output:570004,-1,-1.0,-1.0
output:570024,-1,-1.0,-1.0
output:570016,-1,-1.0,-1.0
output:569965,-1,-1.0,-1.0
output:569971,-1,-1.0,-1.0
output:569973,-1,-1.0,-1.0
output:569875,-1,-1.0,-1.0
output:569872,-1,-1.0,-1.0
output:600218,-1,-1.0,-1.0
output:569893,-1,-1.0,-1.0
output:569896,-1,-1.0,-1.0
output:600412,74,0.0,-1.0
output:600405,74,0.0,0.0
output:600402,74,0.0,0.0
output:600397,74,0.0,0.0
output:600417,74,0.0,0.0
output:566533,74,0.0,0.0
output:566524,74,0.0,0.0
output:600446,75,0.0,-1.0
output:600441,75,0.0,0.0
output:600466,75,0.0,0.0
output:600453,75,0.0,0.0
output:600457,75,0.0,0.0
output:600459,75,0.0,0.0
output:570343,-1,-1.0,-1.0
output:600347,-1,-1.0,-1.0
output:600343,-1,-1.0,-1.0
output:600333,-1,-1.0,-1.0
output:600335,-1,-1.0,-1.0
output:570195,-1,-1.0,-1.0
output:851744,-1,-1.0,-1.0
output:570144,-1,-1.0,-1.0
output:569537,-1,-1.0,-1.0
output:600619,-1,-1.0,-1.0
output:600805,-1,-1.0,-1.0
output:600806,-1,-1.0,-1.0
output:600808,-1,-1.0,-1.0
output:569438,-1,-1.0,-1.0
output:600799,-1,-1.0,-1.0
output:600952,76,0.0,-1.0
output:600957,76,0.0,0.0
output:600951,76,0.0,0.0
output:600961,76,0.0,0.0
output:567765,76,0.0,0.0
output:567762,76,0.0,0.0
output:602102,76,13.196804018929358,13.196804018929358
output:602101,76,13.196804018929358,13.196804018929358
output:126049,76,13.196804018929358,13.196804018929358
output:126050,76,13.196804018929358,13.196804018929358
output:600950,-1,-1.0,-1.0
output:569736,-1,-1.0,-1.0
output:569731,-1,-1.0,-1.0
output:569733,-1,-1.0,-1.0
output:601068,-1,-1.0,-1.0
output:600964,-1,-1.0,-1.0
output:601117,-1,-1.0,-1.0
output:601126,-1,-1.0,-1.0
output:601154,77,17.949490028189466,-1.0
output:601152,77,17.949490028189466,17.949490028189466
output:566905,77,19.203578880717334,17.949490028189466
output:566909,77,19.203578880717334,17.949490028189466
output:566899,77,19.203578880717334,17.949490028189466
output:601196,-1,-1.0,-1.0
output:601193,-1,-1.0,-1.0
output:601229,-1,-1.0,-1.0
output:601305,-1,-1.0,-1.0
output:601347,78,0.0,-1.0
output:601350,78,0.0,0.0
output:601352,78,0.0,0.0
output:601354,78,0.0,0.0
output:568444,78,0.0,0.0
output:568437,78,0.0,0.0
output:568448,78,0.0,0.0
output:568456,78,0.0,0.0
output:568460,78,0.0,0.0
output:601402,-1,-1.0,-1.0
output:601388,-1,-1.0,-1.0
output:850885,-1,-1.0,-1.0
output:601465,-1,-1.0,-1.0
output:601495,-1,-1.0,-1.0
output:601524,-1,-1.0,-1.0
output:601544,-1,-1.0,-1.0
output:57885,-1,-1.0,-1.0
output:57838,-1,-1.0,-1.0
output:57744,-1,-1.0,-1.0
output:57689,-1,-1.0,-1.0
output:601754,-1,-1.0,-1.0
output:601749,-1,-1.0,-1.0
output:57661,-1,-1.0,-1.0
output:601809,-1,-1.0,-1.0
output:601814,-1,-1.0,-1.0
output:601893,-1,-1.0,-1.0
output:601899,-1,-1.0,-1.0
output:601897,-1,-1.0,-1.0
output:601884,-1,-1.0,-1.0
output:601882,-1,-1.0,-1.0
output:601983,-1,-1.0,-1.0
output:601952,-1,-1.0,-1.0
output:57415,-1,-1.0,-1.0
output:601984,-1,-1.0,-1.0
output:602599,-1,-1.0,-1.0
output:602594,-1,-1.0,-1.0
output:126237,-1,-1.0,-1.0
output:126221,-1,-1.0,-1.0
output:602561,-1,-1.0,-1.0
output:126244,-1,-1.0,-1.0
output:602553,-1,-1.0,-1.0
output:602558,-1,-1.0,-1.0
output:126323,-1,-1.0,-1.0
output:126324,-1,-1.0,-1.0
output:126328,-1,-1.0,-1.0
output:126315,-1,-1.0,-1.0
output:126316,-1,-1.0,-1.0
output:294905,-1,-1.0,-1.0
output:602423,-1,-1.0,-1.0
output:294829,-1,-1.0,-1.0
output:126454,-1,-1.0,-1.0
output:294490,-1,-1.0,-1.0
output:602354,-1,-1.0,-1.0
output:567913,-1,-1.0,-1.0
output:567915,-1,-1.0,-1.0
output:602330,-1,-1.0,-1.0
output:602317,-1,-1.0,-1.0
output:602286,-1,-1.0,-1.0
output:126044,-1,-1.0,-1.0
output:567812,-1,-1.0,-1.0
output:126125,-1,-1.0,-1.0
output:602145,-1,-1.0,-1.0
output:602147,-1,-1.0,-1.0
output:602141,-1,-1.0,-1.0
output:567960,-1,-1.0,-1.0
output:567951,-1,-1.0,-1.0
output:567947,-1,-1.0,-1.0
output:567944,-1,-1.0,-1.0
output:603077,-1,-1.0,-1.0
output:603091,-1,-1.0,-1.0
output:603093,-1,-1.0,-1.0
output:603094,-1,-1.0,-1.0
output:126756,-1,-1.0,-1.0
output:603096,-1,-1.0,-1.0
output:567646,-1,-1.0,-1.0
output:567653,-1,-1.0,-1.0
output:567656,-1,-1.0,-1.0
output:603132,-1,-1.0,-1.0
output:567556,-1,-1.0,-1.0
output:603040,-1,-1.0,-1.0
output:294169,-1,-1.0,-1.0
output:126867,-1,-1.0,-1.0
output:126869,-1,-1.0,-1.0
output:126868,-1,-1.0,-1.0
output:294356,-1,-1.0,-1.0
output:294318,-1,-1.0,-1.0
output:602832,-1,-1.0,-1.0
output:602818,-1,-1.0,-1.0
output:602819,-1,-1.0,-1.0
output:602822,-1,-1.0,-1.0
output:602823,-1,-1.0,-1.0
output:602825,-1,-1.0,-1.0
output:293960,-1,-1.0,-1.0
output:602814,-1,-1.0,-1.0
output:602811,-1,-1.0,-1.0
output:602793,-1,-1.0,-1.0
output:126552,-1,-1.0,-1.0
output:567512,-1,-1.0,-1.0
output:602746,-1,-1.0,-1.0
output:602750,-1,-1.0,-1.0
output:567450,79,0.0,-1.0
output:567453,79,0.0,0.0
output:567440,79,0.0,0.0
output:567446,79,0.0,0.0
output:567435,79,0.0,0.0
output:567461,79,0.0,0.0
output:567454,-1,-1.0,-1.0
output:294046,-1,-1.0,-1.0
output:603572,-1,-1.0,-1.0
output:125311,-1,-1.0,-1.0
output:569196,-1,-1.0,-1.0
output:569190,-1,-1.0,-1.0
output:569201,-1,-1.0,-1.0
output:125185,-1,-1.0,-1.0
output:569207,-1,-1.0,-1.0
output:569253,-1,-1.0,-1.0
output:125402,-1,-1.0,-1.0
output:125419,-1,-1.0,-1.0
output:569246,-1,-1.0,-1.0
output:569315,-1,-1.0,-1.0
output:125312,-1,-1.0,-1.0
output:569342,-1,-1.0,-1.0
output:293879,-1,-1.0,-1.0
output:125353,-1,-1.0,-1.0
output:568875,-1,-1.0,-1.0
output:125052,-1,-1.0,-1.0
output:125053,-1,-1.0,-1.0
output:293460,-1,-1.0,-1.0
output:293471,-1,-1.0,-1.0
output:124975,-1,-1.0,-1.0
output:293480,-1,-1.0,-1.0
output:124978,-1,-1.0,-1.0
output:124979,-1,-1.0,-1.0
output:569014,-1,-1.0,-1.0
output:569008,-1,-1.0,-1.0
output:569023,-1,-1.0,-1.0
output:125134,-1,-1.0,-1.0
output:603179,-1,-1.0,-1.0
output:125157,-1,-1.0,-1.0
output:568991,-1,-1.0,-1.0
output:568988,-1,-1.0,-1.0
output:568965,-1,-1.0,-1.0
output:603261,-1,-1.0,-1.0
output:569083,-1,-1.0,-1.0
output:603246,-1,-1.0,-1.0
output:568577,-1,-1.0,-1.0
output:568623,-1,-1.0,-1.0
output:125762,-1,-1.0,-1.0
output:568671,-1,-1.0,-1.0
output:568666,-1,-1.0,-1.0
output:125723,-1,-1.0,-1.0
output:568678,-1,-1.0,-1.0
output:568704,80,0.0,-1.0
output:568707,80,0.0,0.0
output:568712,80,0.0,0.0
output:568713,80,0.0,0.0
output:568719,80,0.0,0.0
output:568723,80,0.0,0.0
output:568722,80,0.0,0.0
output:125901,-1,-1.0,-1.0
output:125876,-1,-1.0,-1.0
output:125866,-1,-1.0,-1.0
output:125867,-1,-1.0,-1.0
output:125870,-1,-1.0,-1.0
output:125544,-1,-1.0,-1.0
output:568401,-1,-1.0,-1.0
output:125499,-1,-1.0,-1.0
output:125500,-1,-1.0,-1.0
output:125455,-1,-1.0,-1.0
output:568441,-1,-1.0,-1.0
output:568436,-1,-1.0,-1.0
output:125456,-1,-1.0,-1.0
output:125457,-1,-1.0,-1.0
output:603696,-1,-1.0,-1.0
output:603699,-1,-1.0,-1.0
output:125640,-1,-1.0,-1.0
output:568527,-1,-1.0,-1.0
output:568524,-1,-1.0,-1.0
output:568525,-1,-1.0,-1.0
output:568572,-1,-1.0,-1.0
output:246672,-1,-1.0,-1.0
output:124332,-1,-1.0,-1.0
output:246701,-1,-1.0,-1.0
output:246711,-1,-1.0,-1.0
output:200437,-1,-1.0,-1.0
output:124344,-1,-1.0,-1.0
output:566185,-1,-1.0,-1.0
output:246762,-1,-1.0,-1.0
output:124415,-1,-1.0,-1.0
output:124401,-1,-1.0,-1.0
output:124406,-1,-1.0,-1.0
output:124175,-1,-1.0,-1.0
output:566112,-1,-1.0,-1.0
output:124185,-1,-1.0,-1.0
output:621844,-1,-1.0,-1.0
output:124214,-1,-1.0,-1.0
output:124215,-1,-1.0,-1.0
output:124213,-1,-1.0,-1.0
output:124208,-1,-1.0,-1.0
output:124237,-1,-1.0,-1.0
output:124236,-1,-1.0,-1.0
output:566056,-1,-1.0,-1.0
output:565988,-1,-1.0,-1.0
output:124050,-1,-1.0,-1.0
output:565979,-1,-1.0,-1.0
output:246432,-1,-1.0,-1.0
output:565905,-1,-1.0,-1.0
output:123934,-1,-1.0,-1.0
output:565887,-1,-1.0,-1.0
output:200572,-1,-1.0,-1.0
output:200558,-1,-1.0,-1.0
output:246364,-1,-1.0,-1.0
output:246350,-1,-1.0,-1.0
output:565765,-1,-1.0,-1.0
output:124010,-1,-1.0,-1.0
output:124013,-1,-1.0,-1.0
output:246257,-1,-1.0,-1.0
output:199860,-1,-1.0,-1.0
output:124888,-1,-1.0,-1.0
output:246232,-1,-1.0,-1.0
output:124882,-1,-1.0,-1.0
output:246054,-1,-1.0,-1.0
output:124571,-1,-1.0,-1.0
output:124573,-1,-1.0,-1.0
output:565483,-1,-1.0,-1.0
output:565403,-1,-1.0,-1.0
output:124643,-1,-1.0,-1.0
output:124636,-1,-1.0,-1.0
output:124460,-1,-1.0,-1.0
output:124432,-1,-1.0,-1.0
output:245781,-1,-1.0,-1.0
output:124431,-1,-1.0,-1.0
output:124430,-1,-1.0,-1.0
output:124429,-1,-1.0,-1.0
output:124521,-1,-1.0,-1.0
output:124487,-1,-1.0,-1.0
output:124482,-1,-1.0,-1.0
output:124489,-1,-1.0,-1.0
output:123277,-1,-1.0,-1.0
output:123274,-1,-1.0,-1.0
output:123291,-1,-1.0,-1.0
output:123290,-1,-1.0,-1.0
output:123221,-1,-1.0,-1.0
output:247643,-1,-1.0,-1.0
output:123189,-1,-1.0,-1.0
output:247615,-1,-1.0,-1.0
output:247506,-1,-1.0,-1.0
output:123074,-1,-1.0,-1.0
output:123072,-1,-1.0,-1.0
output:123079,-1,-1.0,-1.0
output:123083,-1,-1.0,-1.0
output:566919,-1,-1.0,-1.0
output:168280,-1,-1.0,-1.0
output:168313,-1,-1.0,-1.0
output:122971,-1,-1.0,-1.0
output:122974,-1,-1.0,-1.0
output:122975,-1,-1.0,-1.0
output:566832,-1,-1.0,-1.0
output:247421,-1,-1.0,-1.0
output:168377,-1,-1.0,-1.0
output:247419,-1,-1.0,-1.0
output:122940,-1,-1.0,-1.0
output:168437,-1,-1.0,-1.0
output:168423,-1,-1.0,-1.0
output:168495,-1,-1.0,-1.0
output:123891,-1,-1.0,-1.0
output:123890,-1,-1.0,-1.0
output:566663,-1,-1.0,-1.0
output:168500,-1,-1.0,-1.0
output:566711,-1,-1.0,-1.0
output:123848,-1,-1.0,-1.0
output:168471,-1,-1.0,-1.0
output:168558,-1,-1.0,-1.0
output:247183,-1,-1.0,-1.0
output:566758,-1,-1.0,-1.0
output:168530,-1,-1.0,-1.0
output:123801,-1,-1.0,-1.0
output:168613,-1,-1.0,-1.0
output:247152,-1,-1.0,-1.0
output:247164,-1,-1.0,-1.0
output:566573,-1,-1.0,-1.0
output:123738,-1,-1.0,-1.0
output:168607,-1,-1.0,-1.0
output:566567,-1,-1.0,-1.0
output:123691,-1,-1.0,-1.0
output:123689,-1,-1.0,-1.0
output:123688,-1,-1.0,-1.0
output:123685,-1,-1.0,-1.0
output:123684,-1,-1.0,-1.0
output:566448,-1,-1.0,-1.0
output:168827,-1,-1.0,-1.0
output:246952,-1,-1.0,-1.0
output:123523,-1,-1.0,-1.0
output:246904,-1,-1.0,-1.0
output:246908,-1,-1.0,-1.0
output:246910,-1,-1.0,-1.0
output:168854,-1,-1.0,-1.0
output:123475,-1,-1.0,-1.0
output:566331,-1,-1.0,-1.0
output:246803,-1,-1.0,-1.0
output:123420,-1,-1.0,-1.0
output:123421,-1,-1.0,-1.0
output:123408,-1,-1.0,-1.0
output:566389,-1,-1.0,-1.0
output:168905,-1,-1.0,-1.0
output:123396,-1,-1.0,-1.0
