output:625469,0,0.0,-1.0
output:625468,0,0.0,0.0
output:625471,0,0.0,0.0
output:625467,0,0.0,0.0
output:625474,0,0.0,0.0
output:625472,0,0.0,0.0
output:625473,0,0.0,0.0
output:530141,0,0.0,0.0
output:530134,0,0.0,0.0
output:530145,0,0.0,0.0
output:530148,0,0.0,0.0
output:221582,0,0.0,0.0
output:221588,0,0.0,0.0
output:221585,0,0.0,0.0
output:221584,0,0.0,0.0
output:644219,0,0.0,0.0
output:644220,0,0.0,0.0
output:644221,0,0.0,0.0
output:302612,0,0.0,0.0
output:302617,0,0.0,0.0
output:302619,0,0.0,0.0
output:643535,0,0.0,0.0
output:411870,0,0.0,0.0
output:25747,0,0.0,0.0
output:25759,0,0.0,0.0
output:25312,0,0.0,0.0
output:25310,0,0.0,0.0
output:60194,0,0.0,0.0
output:60195,0,0.0,0.0
output:60193,0,0.0,0.0
output:60196,0,0.0,0.0
output:573405,0,0.0,0.0
output:573409,0,0.0,0.0
output:59390,0,0.0,0.0
output:250481,0,0.0,0.0
output:250475,0,0.0,0.0
output:250467,0,0.0,0.0
output:128514,0,0.0,0.0
output:251562,0,0.0,0.0
output:251565,0,0.0,0.0
output:251555,0,0.0,0.0
output:251550,0,0.0,0.0
output:411130,0,0.0,0.0
output:171056,0,0.0,0.0
output:171047,0,0.0,0.0
output:171050,0,0.0,0.0
output:171052,0,0.0,0.0
output:491611,0,0.0,0.0
output:491608,0,0.0,0.0
output:491603,0,0.0,0.0
output:491600,0,0.0,0.0
output:491598,0,0.0,0.0
output:337321,0,0.0,0.0
output:625453,1,0.0,-1.0
output:625455,1,0.0,0.0
output:625451,1,0.0,0.0
output:625414,1,0.0,0.0
output:625415,1,0.0,0.0
output:625413,1,0.0,0.0
output:625411,1,0.0,0.0
output:625409,1,0.0,0.0
output:625416,1,0.0,0.0
output:854672,1,0.0,0.0
output:854674,1,0.0,0.0
output:625279,1,0.0,0.0
output:625277,1,0.0,0.0
output:625292,1,0.0,0.0
output:625294,1,0.0,0.0
output:625288,1,0.0,0.0
output:625290,1,0.0,0.0
output:625285,1,0.0,0.0
output:625287,1,0.0,0.0
output:625283,1,0.0,0.0
output:625282,1,0.0,0.0
output:625297,1,0.0,0.0
output:625298,1,0.0,0.0
output:625407,1,0.0,0.0
output:854299,1,0.0,0.0
output:854295,1,0.0,0.0
output:490817,1,0.0,0.0
output:529872,1,0.0,0.0
output:490813,1,0.0,0.0
output:490806,1,0.0,0.0
output:490798,1,0.0,0.0
output:491004,1,0.0,0.0
output:529681,1,0.0,0.0
output:529684,1,0.0,0.0
output:529630,1,0.0,0.0
output:529631,1,0.0,0.0
output:529625,1,0.0,0.0
output:529478,1,0.0,0.0
output:529486,1,0.0,0.0
output:529487,1,0.0,0.0
output:529480,1,0.0,0.0
output:529482,1,0.0,0.0
output:529489,1,0.0,0.0
output:529488,1,0.0,0.0
output:529491,1,0.0,0.0
output:886150,1,0.0,0.0
output:886148,1,0.0,0.0
output:491376,1,0.0,0.0
output:886157,1,0.0,0.0
output:886155,1,0.0,0.0
output:491380,1,0.0,0.0
output:886152,1,0.0,0.0
output:491368,1,0.0,0.0
output:886165,1,0.0,0.0
output:886161,1,0.0,0.0
output:491375,1,0.0,0.0
output:886174,1,0.0,0.0
output:886171,1,0.0,0.0
output:886168,1,0.0,0.0
output:491355,1,0.0,0.0
output:886176,1,0.0,0.0
output:886179,1,0.0,0.0
output:491346,1,0.0,0.0
output:491338,1,0.0,0.0
output:491329,1,0.0,0.0
output:491332,1,0.0,0.0
output:530305,1,0.0,0.0
output:530257,1,0.0,0.0
output:530260,1,0.0,0.0
output:530266,1,0.0,0.0
output:530271,1,0.0,0.0
output:530268,1,0.0,0.0
output:530289,1,0.0,0.0
output:530291,1,0.0,0.0
output:530298,1,0.0,0.0
output:530276,1,0.0,0.0
output:530280,1,0.0,0.0
output:530282,1,0.0,0.0
output:794205,1,0.0,0.0
output:491022,1,0.0,0.0
output:491016,1,0.0,0.0
output:794233,1,0.0,0.0
output:491010,1,0.0,0.0
output:491025,1,0.0,0.0
output:794219,1,0.0,0.0
output:491024,1,0.0,0.0
output:794252,1,0.0,0.0
output:794246,1,0.0,0.0
output:887602,1,0.0,0.0
output:887604,1,0.0,0.0
output:887588,1,0.0,0.0
output:887589,1,0.0,0.0
output:887591,1,0.0,0.0
output:887593,1,0.0,0.0
output:887596,1,0.0,0.0
output:887598,1,0.0,0.0
output:887599,1,0.0,0.0
output:701986,1,0.0,0.0
output:701987,1,0.0,0.0
output:701984,1,0.0,0.0
output:701965,1,0.0,0.0
output:701967,1,0.0,0.0
output:701960,1,0.0,0.0
output:701963,1,0.0,0.0
output:701956,1,0.0,0.0
output:701954,1,0.0,0.0
output:701981,1,0.0,0.0
output:701977,1,0.0,0.0
output:701972,1,0.0,0.0
output:701975,1,0.0,0.0
output:701971,1,0.0,0.0
output:701107,1,0.0,0.0
output:734459,1,0.0,0.0
output:734270,1,0.0,0.0
output:734271,1,0.0,0.0
output:734269,1,0.0,0.0
output:734273,1,0.0,0.0
output:734275,1,0.0,0.0
output:888915,1,0.0,0.0
output:888911,1,0.0,0.0
output:666116,1,0.0,0.0
output:302108,1,0.0,0.0
output:302105,1,0.0,0.0
output:573486,1,0.0,0.0
output:643911,1,0.0,0.0
output:643910,1,0.0,0.0
output:643909,1,0.0,0.0
output:643908,1,0.0,0.0
output:643919,1,0.0,0.0
output:643918,1,0.0,0.0
output:643917,1,0.0,0.0
output:643916,1,0.0,0.0
output:643915,1,0.0,0.0
output:643914,1,0.0,0.0
output:643913,1,0.0,0.0
output:643912,1,0.0,0.0
output:302595,1,0.0,0.0
output:960575,1,0.0,0.0
output:665956,1,0.0,0.0
output:960572,1,0.0,0.0
output:960573,1,0.0,0.0
output:960571,1,0.0,0.0
output:665978,1,0.0,0.0
output:643389,1,0.0,0.0
output:643390,1,0.0,0.0
output:643391,1,0.0,0.0
output:665969,1,0.0,0.0
output:665970,1,0.0,0.0
output:665948,1,0.0,0.0
output:665943,1,0.0,0.0
output:960577,1,0.0,0.0
output:960576,1,0.0,0.0
output:666084,1,0.0,0.0
output:666087,1,0.0,0.0
output:666102,1,0.0,0.0
output:666096,1,0.0,0.0
output:666052,1,0.0,0.0
output:666049,1,0.0,0.0
output:666056,1,0.0,0.0
output:666070,1,0.0,0.0
output:643560,1,0.0,0.0
output:643561,1,0.0,0.0
output:643562,1,0.0,0.0
output:643563,1,0.0,0.0
output:643564,1,0.0,0.0
output:643565,1,0.0,0.0
output:643566,1,0.0,0.0
output:666023,1,0.0,0.0
output:643556,1,0.0,0.0
output:643557,1,0.0,0.0
output:666030,1,0.0,0.0
output:643558,1,0.0,0.0
output:643559,1,0.0,0.0
output:666036,1,0.0,0.0
output:665987,1,0.0,0.0
output:665985,1,0.0,0.0
output:665994,1,0.0,0.0
output:666001,1,0.0,0.0
output:666000,1,0.0,0.0
output:666005,1,0.0,0.0
output:666009,1,0.0,0.0
output:666014,1,0.0,0.0
output:252155,1,0.0,0.0
output:573170,1,0.0,0.0
output:573166,1,0.0,0.0
output:129608,1,0.0,0.0
output:220006,1,0.0,0.0
output:220007,1,0.0,0.0
output:912779,1,0.0,0.0
output:220010,1,0.0,0.0
output:912780,1,0.0,0.0
output:220152,1,0.0,0.0
output:220151,1,0.0,0.0
output:250643,1,0.0,0.0
output:219884,1,0.0,0.0
output:219883,1,0.0,0.0
output:410603,1,0.0,0.0
output:921928,1,0.0,0.0
output:921929,1,0.0,0.0
output:921924,1,0.0,0.0
output:921925,1,0.0,0.0
output:921926,1,0.0,0.0
output:921927,1,0.0,0.0
output:221140,1,0.0,0.0
output:221141,1,0.0,0.0
output:221142,1,0.0,0.0
output:221138,1,0.0,0.0
output:221139,1,0.0,0.0
output:251808,1,0.0,0.0
output:251787,1,0.0,0.0
output:251790,1,0.0,0.0
output:251783,1,0.0,0.0
output:411007,1,0.0,0.0
output:251682,1,0.0,0.0
output:411006,1,0.0,0.0
output:411005,1,0.0,0.0
output:411004,1,0.0,0.0
output:411003,1,0.0,0.0
output:411002,1,0.0,0.0
output:911438,1,0.0,0.0
output:911437,1,0.0,0.0
output:911434,1,0.0,0.0
output:911435,1,0.0,0.0
output:911432,1,0.0,0.0
output:911445,1,0.0,0.0
output:911444,1,0.0,0.0
output:911443,1,0.0,0.0
output:911442,1,0.0,0.0
output:911441,1,0.0,0.0
output:911440,1,0.0,0.0
output:251653,1,0.0,0.0
output:220811,1,0.0,0.0
output:220813,1,0.0,0.0
output:251663,1,0.0,0.0
output:251665,1,0.0,0.0
output:1001467,1,0.0,0.0
output:1001465,1,0.0,0.0
output:1001471,1,0.0,0.0
output:251673,1,0.0,0.0
output:251678,1,0.0,0.0
output:220657,1,0.0,0.0
output:220647,1,0.0,0.0
output:220644,1,0.0,0.0
output:220651,1,0.0,0.0
output:220655,1,0.0,0.0
output:220654,1,0.0,0.0
output:220653,1,0.0,0.0
output:411211,1,0.0,0.0
output:411212,1,0.0,0.0
output:411436,1,0.0,0.0
output:411435,1,0.0,0.0
output:220317,1,0.0,0.0
output:220315,1,0.0,0.0
output:220321,1,0.0,0.0
output:220323,1,0.0,0.0
output:369139,1,0.0,0.0
output:171400,1,0.0,0.0
output:171401,1,0.0,0.0
output:171405,1,0.0,0.0
output:171406,1,0.0,0.0
output:171399,1,0.0,0.0
output:171416,1,0.0,0.0
output:171419,1,0.0,0.0
output:171409,1,0.0,0.0
output:171408,1,0.0,0.0
output:171411,1,0.0,0.0
output:171410,1,0.0,0.0
output:171412,1,0.0,0.0
output:921006,1,0.0,0.0
output:921007,1,0.0,0.0
output:921004,1,0.0,0.0
output:921005,1,0.0,0.0
output:921003,1,0.0,0.0
output:921009,1,0.0,0.0
output:921008,1,0.0,0.0
output:370083,1,0.0,0.0
output:170436,1,0.0,0.0
output:170438,1,0.0,0.0
output:170445,1,0.0,0.0
output:170446,1,0.0,0.0
output:170447,1,0.0,0.0
output:170442,1,0.0,0.0
output:491848,1,0.0,0.0
output:491851,1,0.0,0.0
output:491853,1,0.0,0.0
output:491842,1,0.0,0.0
output:491823,1,0.0,0.0
output:491839,1,0.0,0.0
output:491829,1,0.0,0.0
output:605170,1,0.0,0.0
output:605100,1,0.0,0.0
output:605720,1,0.0,0.0
output:625431,2,0.0,-1.0
output:625430,2,0.0,0.0
output:625429,2,0.0,0.0
output:625427,2,0.0,0.0
output:625424,2,0.0,0.0
output:625439,2,0.0,0.0
output:625437,2,0.0,0.0
output:625434,2,0.0,0.0
output:625433,2,0.0,0.0
output:625432,2,0.0,0.0
output:625491,2,0.0,0.0
output:625490,2,0.0,0.0
output:625489,2,0.0,0.0
output:625494,2,0.0,0.0
output:625493,2,0.0,0.0
output:625492,2,0.0,0.0
output:625483,2,0.0,0.0
output:625487,2,0.0,0.0
output:625484,2,0.0,0.0
output:625485,2,0.0,0.0
output:625250,2,0.0,0.0
output:625251,2,0.0,0.0
output:625248,2,0.0,0.0
output:625254,2,0.0,0.0
output:625253,2,0.0,0.0
output:625259,2,0.0,0.0
output:625257,2,0.0,0.0
output:625262,2,0.0,0.0
output:625263,2,0.0,0.0
output:625261,2,0.0,0.0
output:625266,2,0.0,0.0
output:625265,2,0.0,0.0
output:625230,2,0.0,0.0
output:625232,2,0.0,0.0
output:625234,2,0.0,0.0
output:625236,2,0.0,0.0
output:625238,2,0.0,0.0
output:625240,2,0.0,0.0
output:625243,2,0.0,0.0
output:625242,2,0.0,0.0
output:490809,2,0.0,0.0
output:490812,2,0.0,0.0
output:490804,2,0.0,0.0
output:490799,2,0.0,0.0
output:490963,2,0.0,0.0
output:490960,2,0.0,0.0
output:490973,2,0.0,0.0
output:490969,2,0.0,0.0
output:490950,2,0.0,0.0
output:490945,2,0.0,0.0
output:490956,2,0.0,0.0
output:490996,2,0.0,0.0
output:490941,2,0.0,0.0
output:529536,2,0.0,0.0
output:529539,2,0.0,0.0
output:529541,2,0.0,0.0
output:530310,2,0.0,0.0
output:530309,2,0.0,0.0
output:491508,2,0.0,0.0
output:491513,2,0.0,0.0
output:491518,2,0.0,0.0
output:530293,2,0.0,0.0
output:530294,2,0.0,0.0
output:530303,2,0.0,0.0
output:530302,2,0.0,0.0
output:491462,2,0.0,0.0
output:530279,2,0.0,0.0
output:530285,2,0.0,0.0
output:491443,2,0.0,0.0
output:491450,2,0.0,0.0
output:491425,2,0.0,0.0
output:491433,2,0.0,0.0
output:491432,2,0.0,0.0
output:491416,2,0.0,0.0
output:530063,2,0.0,0.0
output:530057,2,0.0,0.0
output:530052,2,0.0,0.0
output:530048,2,0.0,0.0
output:530078,2,0.0,0.0
output:530072,2,0.0,0.0
output:530075,2,0.0,0.0
output:530066,2,0.0,0.0
output:530087,2,0.0,0.0
output:530083,2,0.0,0.0
output:530035,2,0.0,0.0
output:530039,2,0.0,0.0
output:530038,2,0.0,0.0
output:530043,2,0.0,0.0
output:530041,2,0.0,0.0
output:530045,2,0.0,0.0
output:221743,2,0.0,0.0
output:301425,2,0.0,0.0
output:301767,2,0.0,0.0
output:301635,2,0.0,0.0
output:644385,2,0.0,0.0
output:644386,2,0.0,0.0
output:301855,2,0.0,0.0
output:301846,2,0.0,0.0
output:301861,2,0.0,0.0
output:643805,2,0.0,0.0
output:643804,2,0.0,0.0
output:643807,2,0.0,0.0
output:643806,2,0.0,0.0
output:643803,2,0.0,0.0
output:643830,2,0.0,0.0
output:643818,2,0.0,0.0
output:643816,2,0.0,0.0
output:643817,2,0.0,0.0
output:643814,2,0.0,0.0
output:643815,2,0.0,0.0
output:643812,2,0.0,0.0
output:643813,2,0.0,0.0
output:643810,2,0.0,0.0
output:643811,2,0.0,0.0
output:643808,2,0.0,0.0
output:643809,2,0.0,0.0
output:302383,2,0.0,0.0
output:302389,2,0.0,0.0
output:302391,2,0.0,0.0
output:302403,2,0.0,0.0
output:302402,2,0.0,0.0
output:302408,2,0.0,0.0
output:643470,2,0.0,0.0
output:643471,2,0.0,0.0
output:26241,2,0.0,0.0
output:26255,2,0.0,0.0
output:252118,2,0.0,0.0
output:252122,2,0.0,0.0
output:252129,2,0.0,0.0
output:252132,2,0.0,0.0
output:252139,2,0.0,0.0
output:573111,2,0.0,0.0
output:573105,2,0.0,0.0
output:573114,2,0.0,0.0
output:573092,2,0.0,0.0
output:573089,2,0.0,0.0
output:573100,2,0.0,0.0
output:60327,2,0.0,0.0
output:60326,2,0.0,0.0
output:573140,2,0.0,0.0
output:60325,2,0.0,0.0
output:573141,2,0.0,0.0
output:60330,2,0.0,0.0
output:60329,2,0.0,0.0
output:60328,2,0.0,0.0
output:25564,2,0.0,0.0
output:25565,2,0.0,0.0
output:25566,2,0.0,0.0
output:25561,2,0.0,0.0
output:25562,2,0.0,0.0
output:25563,2,0.0,0.0
output:25559,2,0.0,0.0
output:25412,2,0.0,0.0
output:25413,2,0.0,0.0
output:25414,2,0.0,0.0
output:25415,2,0.0,0.0
output:25408,2,0.0,0.0
output:25409,2,0.0,0.0
output:25410,2,0.0,0.0
output:25411,2,0.0,0.0
output:25421,2,0.0,0.0
output:25422,2,0.0,0.0
output:25416,2,0.0,0.0
output:25417,2,0.0,0.0
output:25418,2,0.0,0.0
output:25419,2,0.0,0.0
output:25054,2,0.0,0.0
output:572685,2,0.0,0.0
output:572686,2,0.0,0.0
output:25057,2,0.0,0.0
output:25056,2,0.0,0.0
output:59439,2,0.0,0.0
output:572812,2,0.0,0.0
output:572815,2,0.0,0.0
output:572817,2,0.0,0.0
output:250501,2,0.0,0.0
output:220026,2,0.0,0.0
output:220025,2,0.0,0.0
output:250477,2,0.0,0.0
output:250470,2,0.0,0.0
output:220128,2,0.0,0.0
output:220103,2,0.0,0.0
output:220102,2,0.0,0.0
output:250801,2,0.0,0.0
output:250661,2,0.0,0.0
output:128766,2,0.0,0.0
output:128767,2,0.0,0.0
output:410584,2,0.0,0.0
output:410585,2,0.0,0.0
output:128768,2,0.0,0.0
output:251607,2,0.0,0.0
output:410879,2,0.0,0.0
output:220936,2,0.0,0.0
output:251409,2,0.0,0.0
output:251397,2,0.0,0.0
output:411046,2,0.0,0.0
output:411045,2,0.0,0.0
output:220712,2,0.0,0.0
output:251822,2,0.0,0.0
output:251811,2,0.0,0.0
output:220709,2,0.0,0.0
output:220710,2,0.0,0.0
output:220711,2,0.0,0.0
output:251832,2,0.0,0.0
output:220730,2,0.0,0.0
output:220733,2,0.0,0.0
output:220732,2,0.0,0.0
output:220734,2,0.0,0.0
output:251801,2,0.0,0.0
output:251799,2,0.0,0.0
output:251727,2,0.0,0.0
output:251723,2,0.0,0.0
output:410881,2,0.0,0.0
output:410882,2,0.0,0.0
output:410883,2,0.0,0.0
output:220847,2,0.0,0.0
output:220846,2,0.0,0.0
output:220848,2,0.0,0.0
output:220849,2,0.0,0.0
output:251700,2,0.0,0.0
output:251711,2,0.0,0.0
output:911460,2,0.0,0.0
output:911461,2,0.0,0.0
output:911462,2,0.0,0.0
output:911463,2,0.0,0.0
output:911469,2,0.0,0.0
output:911470,2,0.0,0.0
output:911471,2,0.0,0.0
output:911464,2,0.0,0.0
output:911465,2,0.0,0.0
output:911466,2,0.0,0.0
output:911467,2,0.0,0.0
output:911476,2,0.0,0.0
output:911479,2,0.0,0.0
output:911478,2,0.0,0.0
output:911473,2,0.0,0.0
output:911472,2,0.0,0.0
output:911475,2,0.0,0.0
output:911474,2,0.0,0.0
output:911484,2,0.0,0.0
output:911481,2,0.0,0.0
output:911480,2,0.0,0.0
output:911483,2,0.0,0.0
output:911482,2,0.0,0.0
output:220539,2,0.0,0.0
output:220537,2,0.0,0.0
output:220542,2,0.0,0.0
output:220541,2,0.0,0.0
output:220535,2,0.0,0.0
output:1000520,2,0.0,0.0
output:220626,2,0.0,0.0
output:250966,2,0.0,0.0
output:220629,2,0.0,0.0
output:220619,2,0.0,0.0
output:220618,2,0.0,0.0
output:220621,2,0.0,0.0
output:220623,2,0.0,0.0
output:250997,2,0.0,0.0
output:250983,2,0.0,0.0
output:220548,2,0.0,0.0
output:220550,2,0.0,0.0
output:220546,2,0.0,0.0
output:220556,2,0.0,0.0
output:220558,2,0.0,0.0
output:220552,2,0.0,0.0
output:411521,2,0.0,0.0
output:411520,2,0.0,0.0
output:251214,2,0.0,0.0
output:251224,2,0.0,0.0
output:251226,2,0.0,0.0
output:251230,2,0.0,0.0
output:411519,2,0.0,0.0
output:411518,2,0.0,0.0
output:814742,2,0.0,0.0
output:814741,2,0.0,0.0
output:814740,2,0.0,0.0
output:814739,2,0.0,0.0
output:814738,2,0.0,0.0
output:814737,2,0.0,0.0
output:814736,2,0.0,0.0
output:814734,2,0.0,0.0
output:814735,2,0.0,0.0
output:814732,2,0.0,0.0
output:814733,2,0.0,0.0
output:814730,2,0.0,0.0
output:814731,2,0.0,0.0
output:814728,2,0.0,0.0
output:814729,2,0.0,0.0
output:814726,2,0.0,0.0
output:814727,2,0.0,0.0
output:814724,2,0.0,0.0
output:814725,2,0.0,0.0
output:814722,2,0.0,0.0
output:814723,2,0.0,0.0
output:368807,2,0.0,0.0
output:369450,2,0.0,0.0
output:369647,2,0.0,0.0
output:369648,2,0.0,0.0
output:369321,2,0.0,0.0
output:369322,2,0.0,0.0
output:170677,2,0.0,0.0
output:170679,2,0.0,0.0
output:170678,2,0.0,0.0
output:170673,2,0.0,0.0
output:170675,2,0.0,0.0
output:170685,2,0.0,0.0
output:170681,2,0.0,0.0
output:170660,2,0.0,0.0
output:170661,2,0.0,0.0
output:170662,2,0.0,0.0
output:170668,2,0.0,0.0
output:170669,2,0.0,0.0
output:170670,2,0.0,0.0
output:170671,2,0.0,0.0
output:170664,2,0.0,0.0
output:170666,2,0.0,0.0
output:491841,2,0.0,0.0
output:491822,2,0.0,0.0
output:491818,2,0.0,0.0
output:491813,2,0.0,0.0
output:491832,2,0.0,0.0
output:491828,2,0.0,0.0
output:491647,2,0.0,0.0
output:491524,2,0.0,0.0
output:491700,2,0.0,0.0
output:491687,2,0.0,0.0
output:491683,2,0.0,0.0
output:491695,2,0.0,0.0
output:491666,2,0.0,0.0
output:491678,2,0.0,0.0
output:491673,2,0.0,0.0
output:491655,2,0.0,0.0
output:491652,2,0.0,0.0
output:491663,2,0.0,0.0
output:336776,2,0.0,0.0
output:336772,2,0.0,0.0
output:336774,2,0.0,0.0
output:336839,2,0.0,0.0
output:605537,2,0.0,0.0
output:336905,2,0.0,0.0
output:605524,2,0.0,0.0
output:605526,2,0.0,0.0
output:605521,2,0.0,0.0
output:605522,2,0.0,0.0
output:605519,2,0.0,0.0
output:605846,2,0.0,0.0
output:606599,2,0.0,3.615050421996041
output:643999,2,0.0,0.0
output:61137,2,0.0,0.0
output:573265,2,0.0,0.0
output:221020,2,0.0,0.0
output:220533,2,0.0,0.0
output:171387,2,0.0,0.0
output:171384,2,0.0,0.0
output:491617,2,0.0,0.0
output:491623,2,0.0,0.0
output:336441,2,0.0,0.0
output:625514,3,0.0,-1.0
output:625223,3,0.0,0.0
output:625225,3,0.0,0.0
output:529760,3,0.0,0.0
output:530559,3,0.0,0.0
output:530561,3,0.0,0.0
output:301456,3,0.0,0.0
output:644270,3,0.0,0.0
output:302770,3,0.0,0.0
output:25845,3,0.0,0.0
output:25425,3,0.0,0.0
output:25426,3,0.0,0.0
output:25420,3,0.0,0.0
output:25423,3,0.0,0.0
output:129602,3,0.0,0.0
output:129600,3,0.0,0.0
output:129601,3,0.0,0.0
output:572796,3,0.0,0.0
output:221065,3,0.0,0.0
output:221066,3,0.0,0.0
output:411286,3,0.0,0.0
output:411167,3,0.0,0.0
output:605837,3,0.0,0.0
output:792846,4,0.0,-1.0
output:792847,4,0.0,0.0
output:792848,4,0.0,0.0
output:933177,4,0.0,0.0
output:886563,4,0.0,0.0
output:886565,4,0.0,0.0
output:886559,4,0.0,0.0
output:668326,4,0.0,0.0
output:668329,4,0.0,0.0
output:794374,4,0.0,0.0
output:794388,4,0.0,0.0
output:794397,4,0.0,0.0
output:794366,4,0.0,0.0
output:531850,4,0.0,0.0
output:982488,4,0.0,0.0
output:887896,4,0.0,0.0
output:887893,4,0.0,0.0
output:221395,4,0.0,0.0
output:221394,4,0.0,0.0
output:221396,4,0.0,0.0
output:734702,4,0.0,0.0
output:253984,4,0.0,0.0
output:253978,4,0.0,0.0
output:253973,4,0.0,0.0
output:253974,4,0.0,0.0
output:644306,4,0.0,0.0
output:856305,4,0.0,0.0
output:302318,4,0.0,0.0
output:766705,4,0.0,0.0
output:766704,4,0.0,0.0
output:766702,4,0.0,0.0
output:766703,4,0.0,0.0
output:766700,4,0.0,0.0
output:766701,4,0.0,0.0
output:129190,4,0.0,0.0
output:171486,4,0.0,0.0
output:171482,4,0.0,0.0
output:921437,4,0.0,0.0
output:921438,4,0.0,0.0
output:921439,4,0.0,0.0
output:921441,4,0.0,0.0
output:921440,4,0.0,0.0
output:913415,4,0.0,0.0
output:913419,4,0.0,0.0
output:913418,4,0.0,0.0
output:913417,4,0.0,0.0
output:913416,4,0.0,0.0
output:913420,4,0.0,0.0
output:491801,4,0.0,0.0
output:491802,4,0.0,0.0
output:254422,4,6.006858337100459,6.006858337100459
output:792674,-1,-1.0,-1.0
output:792673,-1,-1.0,-1.0
output:625171,-1,-1.0,-1.0
output:625256,5,0.0,-1.0
output:625267,5,0.0,0.0
output:625264,5,0.0,0.0
output:625269,5,0.0,0.0
output:625268,5,0.0,0.0
output:625245,5,0.0,0.0
output:643468,5,0.0,0.0
output:643469,5,0.0,0.0
output:643467,5,0.0,0.0
output:643472,5,0.0,0.0
output:26272,5,0.0,0.0
output:26278,5,0.0,0.0
output:26259,5,0.0,0.0
output:25560,5,0.0,0.0
output:220543,5,0.0,0.0
output:220553,5,0.0,0.0
output:336770,5,0.0,0.0
output:336907,5,0.0,0.0
output:337291,5,0.0,0.0
output:792720,6,0.0,-1.0
output:792721,6,0.0,0.0
output:792722,6,0.0,0.0
output:792719,6,0.0,0.0
output:981926,6,0.0,0.0
output:981912,6,0.0,0.0
output:886965,6,0.0,0.0
output:886963,6,0.0,0.0
output:886960,6,0.0,0.0
output:734964,6,0.0,0.0
output:1003058,6,0.0,0.0
output:912425,6,0.0,0.0
output:912426,6,0.0,0.0
output:912428,6,0.0,0.0
output:912430,6,0.0,0.0
output:912431,6,0.0,0.0
output:912432,6,0.0,0.0
output:175550,-1,-1.0,-1.0
output:793454,7,0.0,-1.0
output:793450,7,0.0,0.0
output:793467,7,0.0,0.0
output:793461,7,0.0,0.0
output:886652,7,0.0,0.0
output:886654,7,0.0,0.0
output:886648,7,0.0,0.0
output:886650,7,0.0,0.0
output:530347,7,0.0,0.0
output:530342,7,0.0,0.0
output:530339,7,0.0,0.0
output:885916,7,0.0,0.0
output:643735,7,0.0,0.0
output:961125,7,0.0,0.0
output:961124,7,0.0,0.0
output:961123,7,0.0,0.0
output:644071,7,0.0,0.0
output:573976,7,0.0,0.0
output:28612,7,0.0,0.0
output:411020,7,0.0,0.0
output:220195,7,0.0,0.0
output:814923,7,0.0,0.0
output:814922,7,0.0,0.0
output:814925,7,0.0,0.0
output:814924,7,0.0,0.0
output:814926,7,0.0,0.0
output:171728,7,0.0,0.0
output:937151,7,0.0,0.0
output:491567,7,0.0,0.0
output:854126,8,0.0,-1.0
output:766294,8,0.0,0.0
output:766292,8,0.0,0.0
output:766293,8,0.0,0.0
output:766291,8,0.0,0.0
output:911927,8,0.0,0.0
output:911926,8,0.0,0.0
output:911928,8,0.0,0.0
output:624960,-1,-1.0,-1.0
output:625015,-1,-1.0,-1.0
output:668707,-1,-1.0,-1.0
output:626530,9,0.0,-1.0
output:626531,9,0.0,0.0
output:529608,9,0.0,0.0
output:530774,9,0.0,0.0
output:530770,9,0.0,0.0
output:221645,9,0.0,0.0
output:411159,9,0.0,0.0
output:171771,9,0.0,0.0
output:171767,9,0.0,0.0
output:494690,9,0.0,0.0
output:494694,9,0.0,0.0
output:494683,9,0.0,0.0
output:490821,-1,-1.0,-1.0
output:529861,-1,-1.0,-1.0
output:490984,10,0.0,-1.0
output:490987,10,0.0,0.0
output:606438,10,0.0,0.0
output:532080,10,0.0,0.0
output:532090,10,0.0,0.0
output:532088,10,0.0,0.0
output:532094,10,0.0,0.0
output:627441,10,0.0,0.0
output:627446,10,0.0,0.0
output:627444,10,0.0,0.0
output:627439,10,0.0,0.0
output:627437,10,0.0,0.0
output:644339,10,0.0,0.0
output:644338,10,0.0,0.0
output:644337,10,0.0,0.0
output:644343,10,0.0,0.0
output:644342,10,0.0,0.0
output:644341,10,0.0,0.0
output:644340,10,0.0,0.0
output:643548,10,0.0,0.0
output:412273,10,0.0,0.0
output:412275,10,0.0,0.0
output:412274,10,0.0,0.0
output:412277,10,0.0,0.0
output:412276,10,0.0,0.0
output:252283,10,0.0,0.0
output:252287,10,0.0,0.0
output:252277,10,0.0,0.0
output:252264,10,0.0,0.0
output:252271,10,0.0,0.0
output:252302,10,0.0,0.0
output:252296,10,0.0,0.0
output:59431,10,0.0,0.0
output:304299,10,0.0,0.0
output:304298,10,0.0,0.0
output:304293,10,0.0,0.0
output:28521,10,0.0,0.0
output:28518,10,0.0,0.0
output:128584,10,0.0,0.0
output:338129,10,0.0,0.0
output:492695,10,0.0,0.0
output:492689,10,0.0,0.0
output:492682,10,0.0,0.0
output:492683,10,0.0,0.0
output:369709,10,0.0,0.0
output:369708,10,0.0,0.0
output:369705,10,0.0,0.0
output:62158,10,0.0,0.0
output:529720,11,0.0,-1.0
output:173090,11,0.0,0.0
output:173097,11,0.0,0.0
output:645318,11,0.0,0.0
output:645319,11,0.0,0.0
output:252381,11,0.0,0.0
output:605470,11,0.0,0.0
output:605471,11,0.0,0.0
output:494470,11,0.0,0.0
output:626592,-1,-1.0,-1.0
output:174805,-1,-1.0,-1.0
output:529657,-1,-1.0,-1.0
output:886476,-1,-1.0,-1.0
output:529534,-1,-1.0,-1.0
output:490735,-1,-1.0,-1.0
output:529483,-1,-1.0,-1.0
output:626343,12,0.0,-1.0
output:221537,12,0.0,0.0
output:411909,12,0.0,0.0
output:60175,12,0.0,0.0
output:250485,12,0.0,0.0
output:128581,12,0.0,0.0
output:491937,12,0.0,0.0
output:491929,12,0.0,0.0
output:491931,12,0.0,0.0
output:337167,12,0.0,0.0
output:626358,13,0.0,-1.0
output:626359,13,0.0,0.0
output:626357,13,0.0,0.0
output:626363,13,0.0,0.0
output:626360,13,0.0,0.0
output:626361,13,0.0,0.0
output:491282,13,0.0,0.0
output:491276,13,0.0,0.0
output:172485,13,0.0,0.0
output:172491,13,0.0,0.0
output:172489,13,0.0,0.0
output:492521,13,0.0,0.0
output:492530,13,0.0,0.0
output:530378,-1,-1.0,-1.0
output:491369,14,0.0,-1.0
output:491370,14,0.0,0.0
output:491374,14,0.0,0.0
output:491365,14,0.0,0.0
output:574015,14,0.0,0.0
output:574017,14,0.0,0.0
output:574019,14,0.0,0.0
output:530415,-1,-1.0,-1.0
output:530321,-1,-1.0,-1.0
output:530315,-1,-1.0,-1.0
output:530362,15,0.0,-1.0
output:530353,15,0.0,0.0
output:643576,15,0.0,0.0
output:643575,15,0.0,0.0
output:643574,15,0.0,0.0
output:411109,15,0.0,0.0
output:411108,15,0.0,0.0
output:411107,15,0.0,0.0
output:411373,15,0.0,0.0
output:411372,15,0.0,0.0
output:171756,15,0.0,0.0
output:171758,15,0.0,0.0
output:171744,15,0.0,0.0
output:171748,15,0.0,0.0
output:171751,15,0.0,0.0
output:171736,15,0.0,0.0
output:171740,15,0.0,0.0
output:625974,-1,-1.0,-1.0
output:626135,-1,-1.0,-1.0
output:794502,-1,-1.0,-1.0
output:491492,-1,-1.0,-1.0
output:530286,-1,-1.0,-1.0
output:491452,-1,-1.0,-1.0
output:491412,-1,-1.0,-1.0
output:886114,-1,-1.0,-1.0
output:667959,16,0.0,-1.0
output:529959,16,0.0,0.0
output:301677,16,0.0,0.0
output:303803,16,0.0,0.0
output:911918,16,0.0,0.0
output:171168,16,0.0,0.0
output:372735,16,0.0,0.0
output:626083,-1,-1.0,-1.0
output:530210,-1,-1.0,-1.0
output:491117,-1,-1.0,-1.0
output:625706,-1,-1.0,-1.0
output:491018,-1,-1.0,-1.0
output:606586,-1,-1.0,-1.0
output:625809,-1,-1.0,-1.0
output:529939,17,0.0,-1.0
output:529949,17,0.0,0.0
output:221773,17,0.0,0.0
output:221772,17,0.0,0.0
output:25627,17,0.0,0.0
output:25621,17,0.0,0.0
output:532918,17,0.0,0.0
output:491148,-1,-1.0,-1.0
output:491156,-1,-1.0,-1.0
output:530834,-1,-1.0,-1.0
output:530839,-1,-1.0,-1.0
output:530918,18,0.0,-1.0
output:888100,18,0.0,0.0
output:888102,18,0.0,0.0
output:221251,18,0.0,0.0
output:25704,18,0.0,0.0
output:922909,18,0.0,0.0
output:912028,18,0.0,0.0
output:912027,18,0.0,0.0
output:795234,18,0.0,0.0
output:174026,-1,-1.0,-1.0
output:530934,-1,-1.0,-1.0
output:530901,-1,-1.0,-1.0
output:530542,-1,-1.0,-1.0
output:530540,-1,-1.0,-1.0
output:173661,-1,-1.0,-1.0
output:530617,-1,-1.0,-1.0
output:530593,-1,-1.0,-1.0
output:530641,19,0.0,-1.0
output:530630,19,0.0,0.0
output:530634,19,0.0,0.0
output:627958,19,0.0,0.0
output:25248,19,0.0,0.0
output:25250,19,0.0,0.0
output:25246,19,0.0,0.0
output:369552,19,0.0,0.0
output:530626,-1,-1.0,-1.0
output:531243,-1,-1.0,-1.0
output:791472,-1,-1.0,-1.0
output:173480,-1,-1.0,-1.0
output:173483,-1,-1.0,-1.0
output:173091,-1,-1.0,-1.0
output:530971,20,0.0,-1.0
output:530981,20,0.0,0.0
output:530976,20,0.0,0.0
output:302119,20,0.0,0.0
output:252183,20,0.0,0.0
output:252176,20,0.0,0.0
output:129761,20,0.0,0.0
output:530964,-1,-1.0,-1.0
output:530967,21,0.0,-1.0
output:530961,21,0.0,0.0
output:530954,21,0.0,0.0
output:223198,21,0.0,0.0
output:303966,21,0.0,0.0
output:250611,21,0.0,0.0
output:171187,21,0.0,0.0
output:61678,21,0.0,0.0
output:886865,-1,-1.0,-1.0
output:701831,-1,-1.0,-1.0
output:530990,-1,-1.0,-1.0
output:791287,-1,-1.0,-1.0
output:701898,22,17.88313836593232,-1.0
output:302104,22,17.88313836593232,17.88313836593232
output:372939,22,17.88313836593232,17.88313836593232
output:251763,22,17.88313836593232,17.88313836593232
output:251774,22,17.88313836593232,17.88313836593232
output:251769,22,17.88313836593232,17.88313836593232
output:24934,22,19.768387814684285,19.768387814684285
output:531068,-1,-1.0,-1.0
output:701925,-1,-1.0,-1.0
output:531574,-1,-1.0,-1.0
output:531579,-1,-1.0,-1.0
output:172647,-1,-1.0,-1.0
output:172565,-1,-1.0,-1.0
output:531456,-1,-1.0,-1.0
output:701264,-1,-1.0,-1.0
output:532294,-1,-1.0,-1.0
output:172411,-1,-1.0,-1.0
output:172306,-1,-1.0,-1.0
output:172303,-1,-1.0,-1.0
output:172516,-1,-1.0,-1.0
output:792353,-1,-1.0,-1.0
output:172470,-1,-1.0,-1.0
output:887852,23,0.0,-1.0
output:221306,23,0.0,0.0
output:767043,23,0.0,0.0
output:911802,23,0.0,0.0
output:911801,23,0.0,0.0
output:921371,23,0.0,0.0
output:172061,-1,-1.0,-1.0
output:172055,-1,-1.0,-1.0
output:532189,-1,-1.0,-1.0
output:982343,24,0.0,-1.0
output:982359,24,0.0,0.0
output:921699,24,0.0,0.0
output:921700,24,0.0,0.0
output:921701,24,0.0,0.0
output:491850,24,0.0,0.0
output:491852,24,0.0,0.0
output:172264,25,0.0,-1.0
output:172276,25,0.0,0.0
output:221614,25,0.0,0.0
output:221615,25,0.0,0.0
output:221619,25,0.0,0.0
output:368933,25,0.0,0.0
output:368932,25,0.0,0.0
output:368931,25,0.0,0.0
output:307361,25,0.0,0.0
output:172274,-1,-1.0,-1.0
output:792093,-1,-1.0,-1.0
output:172283,-1,-1.0,-1.0
output:172216,-1,-1.0,-1.0
output:769081,-1,-1.0,-1.0
output:221295,-1,-1.0,-1.0
output:221292,-1,-1.0,-1.0
output:256471,-1,-1.0,-1.0
output:221274,26,0.0,-1.0
output:221275,26,0.0,0.0
output:221277,26,0.0,0.0
output:221278,26,0.0,0.0
output:27058,26,0.0,0.0
output:27059,26,0.0,0.0
output:491762,26,0.0,0.0
output:491745,26,0.0,0.0
output:491757,26,0.0,0.0
output:221276,-1,-1.0,-1.0
output:646677,-1,-1.0,-1.0
output:221210,-1,-1.0,-1.0
output:221671,-1,-1.0,-1.0
output:221687,-1,-1.0,-1.0
output:221634,-1,-1.0,-1.0
output:221551,-1,-1.0,-1.0
output:221517,-1,-1.0,-1.0
output:221924,27,0.0,-1.0
output:301891,27,0.0,0.0
output:626995,27,0.0,0.0
output:251958,27,0.0,0.0
output:251952,27,0.0,0.0
output:573179,27,0.0,0.0
output:495892,27,0.0,0.0
output:128713,27,0.0,0.0
output:27595,27,0.0,0.0
output:171483,27,0.0,0.0
output:170494,27,0.0,0.0
output:370407,27,0.0,0.0
output:605464,27,0.0,0.0
output:605466,27,0.0,0.0
output:646320,-1,-1.0,-1.0
output:222101,-1,-1.0,-1.0
output:646528,-1,-1.0,-1.0
output:222001,-1,-1.0,-1.0
output:645816,-1,-1.0,-1.0
output:645636,-1,-1.0,-1.0
output:222278,-1,-1.0,-1.0
output:222605,-1,-1.0,-1.0
output:257044,-1,-1.0,-1.0
output:257142,-1,-1.0,-1.0
output:222589,-1,-1.0,-1.0
output:645993,-1,-1.0,-1.0
output:645992,-1,-1.0,-1.0
output:645369,-1,-1.0,-1.0
output:645125,-1,-1.0,-1.0
output:645126,-1,-1.0,-1.0
output:222787,-1,-1.0,-1.0
output:645541,-1,-1.0,-1.0
output:223221,-1,-1.0,-1.0
output:645412,-1,-1.0,-1.0
output:645411,-1,-1.0,-1.0
output:645396,-1,-1.0,-1.0
output:223099,-1,-1.0,-1.0
output:301299,-1,-1.0,-1.0
output:254436,-1,-1.0,-1.0
output:644821,-1,-1.0,-1.0
output:254313,-1,-1.0,-1.0
output:627228,-1,-1.0,-1.0
output:627230,-1,-1.0,-1.0
output:644804,-1,-1.0,-1.0
output:767091,-1,-1.0,-1.0
output:627302,-1,-1.0,-1.0
output:627304,-1,-1.0,-1.0
output:627626,-1,-1.0,-1.0
output:627622,-1,-1.0,-1.0
output:223583,-1,-1.0,-1.0
output:223560,-1,-1.0,-1.0
output:767486,-1,-1.0,-1.0
output:645070,-1,-1.0,-1.0
output:645082,-1,-1.0,-1.0
output:254040,-1,-1.0,-1.0
output:223689,-1,-1.0,-1.0
output:574719,-1,-1.0,-1.0
output:223667,-1,-1.0,-1.0
output:627536,-1,-1.0,-1.0
output:645012,-1,-1.0,-1.0
output:767342,-1,-1.0,-1.0
output:666659,-1,-1.0,-1.0
output:575324,-1,-1.0,-1.0
output:254963,-1,-1.0,-1.0
output:767738,-1,-1.0,-1.0
output:575282,-1,-1.0,-1.0
output:644123,-1,-1.0,-1.0
output:301734,28,0.0,-1.0
output:643829,28,0.0,0.0
output:302171,28,0.0,0.0
output:302477,28,0.0,0.0
output:302473,28,0.0,0.0
output:221092,28,0.0,0.0
output:251750,28,0.0,0.0
output:251755,28,0.0,0.0
output:250910,28,0.0,0.0
output:371152,28,0.0,0.0
output:61545,28,0.0,0.0
output:61543,28,0.0,0.0
output:626882,-1,-1.0,-1.0
output:644308,-1,-1.0,-1.0
output:644311,-1,-1.0,-1.0
output:644288,-1,-1.0,-1.0
output:644253,-1,-1.0,-1.0
output:644448,-1,-1.0,-1.0
output:224064,-1,-1.0,-1.0
output:644602,-1,-1.0,-1.0
output:667034,-1,-1.0,-1.0
output:301951,-1,-1.0,-1.0
output:644568,-1,-1.0,-1.0
output:667029,-1,-1.0,-1.0
output:302261,-1,-1.0,-1.0
output:766188,-1,-1.0,-1.0
output:255388,-1,-1.0,-1.0
output:255426,-1,-1.0,-1.0
output:302278,-1,-1.0,-1.0
output:643739,-1,-1.0,-1.0
output:643741,-1,-1.0,-1.0
output:643740,-1,-1.0,-1.0
output:735708,-1,-1.0,-1.0
output:302101,-1,-1.0,-1.0
output:643801,29,0.0,-1.0
output:303555,29,0.0,0.0
output:220760,29,0.0,0.0
output:220756,29,0.0,0.0
output:171101,29,0.0,0.0
output:491819,29,0.0,0.0
output:491815,29,0.0,0.0
output:533975,29,0.0,0.0
output:255353,-1,-1.0,-1.0
output:255155,-1,-1.0,-1.0
output:666437,-1,-1.0,-1.0
output:766461,-1,-1.0,-1.0
output:573503,-1,-1.0,-1.0
output:302561,-1,-1.0,-1.0
output:961100,-1,-1.0,-1.0
output:573544,-1,-1.0,-1.0
output:302344,-1,-1.0,-1.0
output:224760,-1,-1.0,-1.0
output:644063,-1,-1.0,-1.0
output:803374,-1,-1.0,-1.0
output:302797,-1,-1.0,-1.0
output:961003,-1,-1.0,-1.0
output:574434,-1,-1.0,-1.0
output:255740,-1,-1.0,-1.0
output:574142,-1,-1.0,-1.0
output:574140,-1,-1.0,-1.0
output:574129,-1,-1.0,-1.0
output:574132,-1,-1.0,-1.0
output:643466,-1,-1.0,-1.0
output:960667,-1,-1.0,-1.0
output:643547,-1,-1.0,-1.0
output:643546,-1,-1.0,-1.0
output:411741,-1,-1.0,-1.0
output:26353,-1,-1.0,-1.0
output:26307,-1,-1.0,-1.0
output:26305,-1,-1.0,-1.0
output:252484,-1,-1.0,-1.0
output:26315,-1,-1.0,-1.0
output:130135,-1,-1.0,-1.0
output:130203,-1,-1.0,-1.0
output:252644,-1,-1.0,-1.0
output:130275,-1,-1.0,-1.0
output:61396,-1,-1.0,-1.0
output:26558,-1,-1.0,-1.0
output:26608,-1,-1.0,-1.0
output:303717,-1,-1.0,-1.0
output:61052,-1,-1.0,-1.0
output:26566,-1,-1.0,-1.0
output:412140,-1,-1.0,-1.0
output:130469,-1,-1.0,-1.0
output:373121,-1,-1.0,-1.0
output:303753,-1,-1.0,-1.0
output:252915,-1,-1.0,-1.0
output:26478,-1,-1.0,-1.0
output:303809,-1,-1.0,-1.0
output:26448,-1,-1.0,-1.0
output:412255,30,0.0,-1.0
output:412254,30,0.0,0.0
output:25945,30,0.0,0.0
output:25942,30,0.0,0.0
output:25935,30,0.0,0.0
output:573434,30,0.0,0.0
output:303373,-1,-1.0,-1.0
output:251976,-1,-1.0,-1.0
output:251970,-1,-1.0,-1.0
output:60796,-1,-1.0,-1.0
output:130704,-1,-1.0,-1.0
output:25644,-1,-1.0,-1.0
output:25647,-1,-1.0,-1.0
output:25640,-1,-1.0,-1.0
output:60858,-1,-1.0,-1.0
output:252097,-1,-1.0,-1.0
output:25686,-1,-1.0,-1.0
output:252185,-1,-1.0,-1.0
output:25996,-1,-1.0,-1.0
output:26040,-1,-1.0,-1.0
output:26041,-1,-1.0,-1.0
output:26065,-1,-1.0,-1.0
output:26074,-1,-1.0,-1.0
output:26077,-1,-1.0,-1.0
output:60488,-1,-1.0,-1.0
output:373613,-1,-1.0,-1.0
output:252273,-1,-1.0,-1.0
output:252270,-1,-1.0,-1.0
output:252306,-1,-1.0,-1.0
output:252315,-1,-1.0,-1.0
output:252336,-1,-1.0,-1.0
output:252350,-1,-1.0,-1.0
output:303279,-1,-1.0,-1.0
output:60613,-1,-1.0,-1.0
output:60231,-1,-1.0,-1.0
output:25281,-1,-1.0,-1.0
output:60191,-1,-1.0,-1.0
output:253666,-1,-1.0,-1.0
output:129264,-1,-1.0,-1.0
output:60407,-1,-1.0,-1.0
output:25210,-1,-1.0,-1.0
output:25154,-1,-1.0,-1.0
output:129155,-1,-1.0,-1.0
output:253811,-1,-1.0,-1.0
output:60017,-1,-1.0,-1.0
output:253801,-1,-1.0,-1.0
output:59998,-1,-1.0,-1.0
output:59987,-1,-1.0,-1.0
output:573260,-1,-1.0,-1.0
output:573262,-1,-1.0,-1.0
output:25520,-1,-1.0,-1.0
output:25521,-1,-1.0,-1.0
output:573255,-1,-1.0,-1.0
output:573293,-1,-1.0,-1.0
output:25503,-1,-1.0,-1.0
output:129502,-1,-1.0,-1.0
output:25393,-1,-1.0,-1.0
output:374200,-1,-1.0,-1.0
output:573429,-1,-1.0,-1.0
output:59668,-1,-1.0,-1.0
output:495664,-1,-1.0,-1.0
output:253119,-1,-1.0,-1.0
output:25070,-1,-1.0,-1.0
output:572739,-1,-1.0,-1.0
output:24921,-1,-1.0,-1.0
output:59641,-1,-1.0,-1.0
output:253423,-1,-1.0,-1.0
output:572872,-1,-1.0,-1.0
output:24869,-1,-1.0,-1.0
output:572880,-1,-1.0,-1.0
output:306081,-1,-1.0,-1.0
output:59360,-1,-1.0,-1.0
output:912802,-1,-1.0,-1.0
output:220044,-1,-1.0,-1.0
output:220154,-1,-1.0,-1.0
output:220155,-1,-1.0,-1.0
output:250640,-1,-1.0,-1.0
output:28613,-1,-1.0,-1.0
output:250698,-1,-1.0,-1.0
output:128760,-1,-1.0,-1.0
output:128759,-1,-1.0,-1.0
output:128746,-1,-1.0,-1.0
output:128539,-1,-1.0,-1.0
output:128538,-1,-1.0,-1.0
output:128540,-1,-1.0,-1.0
output:27818,-1,-1.0,-1.0
output:27879,-1,-1.0,-1.0
output:128976,-1,-1.0,-1.0
output:129001,-1,-1.0,-1.0
output:28076,-1,-1.0,-1.0
output:28075,-1,-1.0,-1.0
output:410754,-1,-1.0,-1.0
output:221001,-1,-1.0,-1.0
output:220998,-1,-1.0,-1.0
output:251583,-1,-1.0,-1.0
output:220981,-1,-1.0,-1.0
output:220967,-1,-1.0,-1.0
output:27157,-1,-1.0,-1.0
output:220947,-1,-1.0,-1.0
output:410659,-1,-1.0,-1.0
output:27349,-1,-1.0,-1.0
output:221145,-1,-1.0,-1.0
output:221099,-1,-1.0,-1.0
output:251415,-1,-1.0,-1.0
output:251856,-1,-1.0,-1.0
output:220865,-1,-1.0,-1.0
output:410880,-1,-1.0,-1.0
output:220890,-1,-1.0,-1.0
output:220888,-1,-1.0,-1.0
output:306750,-1,-1.0,-1.0
output:220818,-1,-1.0,-1.0
output:220820,-1,-1.0,-1.0
output:220831,-1,-1.0,-1.0
output:220508,-1,-1.0,-1.0
output:220510,-1,-1.0,-1.0
output:220538,-1,-1.0,-1.0
output:922582,-1,-1.0,-1.0
output:411332,-1,-1.0,-1.0
output:815476,-1,-1.0,-1.0
output:912338,-1,-1.0,-1.0
output:220453,-1,-1.0,-1.0
output:306610,-1,-1.0,-1.0
output:26839,-1,-1.0,-1.0
output:220547,-1,-1.0,-1.0
output:1000676,-1,-1.0,-1.0
output:220597,-1,-1.0,-1.0
output:220587,-1,-1.0,-1.0
output:220264,-1,-1.0,-1.0
output:220258,-1,-1.0,-1.0
output:220261,-1,-1.0,-1.0
output:912096,-1,-1.0,-1.0
output:26896,-1,-1.0,-1.0
output:220361,-1,-1.0,-1.0
output:911924,-1,-1.0,-1.0
output:368908,-1,-1.0,-1.0
output:171212,-1,-1.0,-1.0
output:533161,-1,-1.0,-1.0
output:171157,-1,-1.0,-1.0
output:493396,-1,-1.0,-1.0
output:171139,-1,-1.0,-1.0
output:171137,-1,-1.0,-1.0
output:171084,-1,-1.0,-1.0
output:533054,-1,-1.0,-1.0
output:171067,-1,-1.0,-1.0
output:532993,-1,-1.0,-1.0
output:493565,-1,-1.0,-1.0
output:493144,-1,-1.0,-1.0
output:493155,-1,-1.0,-1.0
output:171452,-1,-1.0,-1.0
output:171367,-1,-1.0,-1.0
output:493225,-1,-1.0,-1.0
output:171287,-1,-1.0,-1.0
output:921091,-1,-1.0,-1.0
output:171721,-1,-1.0,-1.0
output:30092,-1,-1.0,-1.0
output:171667,-1,-1.0,-1.0
output:171632,-1,-1.0,-1.0
output:171634,-1,-1.0,-1.0
output:921245,-1,-1.0,-1.0
output:171643,-1,-1.0,-1.0
output:171586,-1,-1.0,-1.0
output:171582,-1,-1.0,-1.0
output:369626,-1,-1.0,-1.0
output:492607,-1,-1.0,-1.0
output:171946,-1,-1.0,-1.0
output:171848,-1,-1.0,-1.0
output:171860,-1,-1.0,-1.0
output:492754,-1,-1.0,-1.0
output:29776,-1,-1.0,-1.0
output:492367,-1,-1.0,-1.0
output:29636,-1,-1.0,-1.0
output:937125,-1,-1.0,-1.0
output:492300,-1,-1.0,-1.0
output:936992,-1,-1.0,-1.0
output:913583,-1,-1.0,-1.0
output:492538,-1,-1.0,-1.0
output:492428,-1,-1.0,-1.0
output:492442,-1,-1.0,-1.0
output:170100,-1,-1.0,-1.0
output:492116,-1,-1.0,-1.0
output:492112,-1,-1.0,-1.0
output:492034,-1,-1.0,-1.0
output:492039,-1,-1.0,-1.0
output:492074,-1,-1.0,-1.0
output:339290,-1,-1.0,-1.0
output:492253,-1,-1.0,-1.0
output:492265,-1,-1.0,-1.0
output:29240,-1,-1.0,-1.0
output:370543,-1,-1.0,-1.0
output:29145,-1,-1.0,-1.0
output:491845,-1,-1.0,-1.0
output:491833,-1,-1.0,-1.0
output:170735,-1,-1.0,-1.0
output:63518,-1,-1.0,-1.0
output:533518,-1,-1.0,-1.0
output:370657,-1,-1.0,-1.0
output:491974,-1,-1.0,-1.0
output:491925,-1,-1.0,-1.0
output:370284,-1,-1.0,-1.0
output:370286,-1,-1.0,-1.0
output:491580,-1,-1.0,-1.0
output:533788,-1,-1.0,-1.0
output:937764,-1,-1.0,-1.0
output:491742,-1,-1.0,-1.0
output:370321,31,0.0,-1.0
output:370314,31,0.0,0.0
output:370315,31,0.0,0.0
output:370312,31,0.0,0.0
output:370319,31,0.0,0.0
output:370317,31,0.0,0.0
output:495512,-1,-1.0,-1.0
output:495519,-1,-1.0,-1.0
output:495273,-1,-1.0,-1.0
output:63412,-1,-1.0,-1.0
output:370700,-1,-1.0,-1.0
output:495205,-1,-1.0,-1.0
output:62625,-1,-1.0,-1.0
output:62626,-1,-1.0,-1.0
output:494759,-1,-1.0,-1.0
output:494755,-1,-1.0,-1.0
output:494751,-1,-1.0,-1.0
output:494747,-1,-1.0,-1.0
output:336867,-1,-1.0,-1.0
output:605461,-1,-1.0,-1.0
output:605463,-1,-1.0,-1.0
output:371842,-1,-1.0,-1.0
output:605311,-1,-1.0,-1.0
output:62293,-1,-1.0,-1.0
output:493913,-1,-1.0,-1.0
output:337559,-1,-1.0,-1.0
output:605794,-1,-1.0,-1.0
output:605796,-1,-1.0,-1.0
output:605815,-1,-1.0,-1.0
output:61815,-1,-1.0,-1.0
