output:765216,0,0.0,-1.0
output:765217,0,0.0,0.0
output:765218,0,0.0,0.0
output:765215,0,0.0,0.0
output:765195,0,0.0,0.0
output:765193,0,0.0,0.0
output:528775,0,0.0,0.0
output:765187,0,0.0,0.0
output:528778,0,0.0,0.0
output:765185,0,0.0,0.0
output:765191,0,0.0,0.0
output:765189,0,0.0,0.0
output:528863,0,0.0,0.0
output:625300,0,0.0,0.0
output:625301,0,0.0,0.0
output:625303,0,0.0,0.0
output:765183,0,0.0,0.0
output:765181,0,0.0,0.0
output:765179,0,0.0,0.0
output:529353,0,0.0,0.0
output:490426,0,0.0,0.0
output:490422,0,0.0,0.0
output:490417,0,0.0,0.0
output:490409,0,0.0,0.0
output:529093,0,0.0,0.0
output:490091,0,0.0,0.0
output:490142,0,0.0,0.0
output:490556,0,0.0,0.0
output:886183,0,0.0,0.0
output:886182,0,0.0,0.0
output:886189,0,0.0,0.0
output:886191,0,0.0,0.0
output:886185,0,0.0,0.0
output:886187,0,0.0,0.0
output:886196,0,0.0,0.0
output:886197,0,0.0,0.0
output:886198,0,0.0,0.0
output:886199,0,0.0,0.0
output:886193,0,0.0,0.0
output:886194,0,0.0,0.0
output:886195,0,0.0,0.0
output:790934,0,0.0,0.0
output:790935,0,0.0,0.0
output:790932,0,0.0,0.0
output:790933,0,0.0,0.0
output:790930,0,0.0,0.0
output:790931,0,0.0,0.0
output:790928,0,0.0,0.0
output:790929,0,0.0,0.0
output:733031,0,0.0,0.0
output:733032,0,0.0,0.0
output:981369,0,0.0,0.0
output:981370,0,0.0,0.0
output:624551,0,0.0,0.0
output:624552,0,0.0,0.0
output:624481,0,0.0,0.0
output:624483,0,0.0,0.0
output:853903,0,0.0,0.0
output:853902,0,0.0,0.0
output:853904,0,0.0,0.0
output:624289,0,0.0,0.0
output:624288,0,0.0,0.0
output:700655,0,0.0,0.0
output:700654,0,0.0,0.0
output:700650,0,0.0,0.0
output:700916,0,0.0,0.0
output:700914,0,0.0,0.0
output:700384,0,0.0,0.0
output:700385,0,0.0,0.0
output:734278,0,0.0,0.0
output:301204,0,0.0,0.0
output:301215,0,0.0,0.0
output:666130,0,0.0,0.0
output:666169,0,0.0,0.0
output:666162,0,0.0,0.0
output:666148,0,0.0,0.0
output:803144,0,0.0,0.0
output:803139,0,0.0,0.0
output:803135,0,0.0,0.0
output:643152,0,0.0,0.0
output:643153,0,0.0,0.0
output:643154,0,0.0,0.0
output:960592,0,0.0,0.0
output:960594,0,0.0,0.0
output:643393,0,0.0,0.0
output:960595,0,0.0,0.0
output:643392,0,0.0,0.0
output:960596,0,0.0,0.0
output:960597,0,0.0,0.0
output:960579,0,0.0,0.0
output:960578,0,0.0,0.0
output:960581,0,0.0,0.0
output:960580,0,0.0,0.0
output:960583,0,0.0,0.0
output:960582,0,0.0,0.0
output:960585,0,0.0,0.0
output:960584,0,0.0,0.0
output:960589,0,0.0,0.0
output:960588,0,0.0,0.0
output:960591,0,0.0,0.0
output:960590,0,0.0,0.0
output:955948,0,0.0,0.0
output:955949,0,0.0,0.0
output:956289,0,0.0,0.0
output:956288,0,0.0,0.0
output:956291,0,0.0,0.0
output:956290,0,0.0,0.0
output:956293,0,0.0,0.0
output:956292,0,0.0,0.0
output:956295,0,0.0,0.0
output:956294,0,0.0,0.0
output:956297,0,0.0,0.0
output:956296,0,0.0,0.0
output:910884,0,0.0,0.0
output:910885,0,0.0,0.0
output:910886,0,0.0,0.0
output:910880,0,0.0,0.0
output:910881,0,0.0,0.0
output:910882,0,0.0,0.0
output:910883,0,0.0,0.0
output:910879,0,0.0,0.0
output:910878,0,0.0,0.0
output:910877,0,0.0,0.0
output:956287,0,0.0,0.0
output:956286,0,0.0,0.0
output:956285,0,0.0,0.0
output:409924,0,0.0,0.0
output:250648,0,0.0,0.0
output:250655,0,0.0,0.0
output:219885,0,0.0,0.0
output:219887,0,0.0,0.0
output:219886,0,0.0,0.0
output:219888,0,0.0,0.0
output:219889,0,0.0,0.0
output:219890,0,0.0,0.0
output:219891,0,0.0,0.0
output:409877,0,0.0,0.0
output:410139,0,0.0,0.0
output:911447,0,0.0,0.0
output:911446,0,0.0,0.0
output:911455,0,0.0,0.0
output:911454,0,0.0,0.0
output:911453,0,0.0,0.0
output:911452,0,0.0,0.0
output:911451,0,0.0,0.0
output:911450,0,0.0,0.0
output:911449,0,0.0,0.0
output:911448,0,0.0,0.0
output:911456,0,0.0,0.0
output:911457,0,0.0,0.0
output:1000501,0,0.0,0.0
output:921016,0,0.0,0.0
output:921015,0,0.0,0.0
output:921014,0,0.0,0.0
output:921013,0,0.0,0.0
output:921012,0,0.0,0.0
output:921011,0,0.0,0.0
output:921010,0,0.0,0.0
output:936671,0,0.0,0.0
output:936670,0,0.0,0.0
output:936669,0,0.0,0.0
output:936668,0,0.0,0.0
output:936672,0,0.0,0.0
output:936673,0,0.0,0.0
output:936674,0,0.0,0.0
output:936675,0,0.0,0.0
output:936676,0,0.0,0.0
output:170453,0,0.0,0.0
output:170455,0,0.0,0.0
output:170449,0,0.0,0.0
output:170457,0,0.0,0.0
output:249153,0,0.0,0.0
output:249158,0,0.0,0.0
output:169885,0,0.0,0.0
output:169887,0,0.0,0.0
output:169886,0,0.0,0.0
output:169883,0,0.0,0.0
output:643028,-1,-1.0,-1.0
output:643027,-1,-1.0,-1.0
output:528794,1,0.0,-1.0
output:528796,1,0.0,0.0
output:642998,1,0.0,0.0
output:642925,1,0.0,0.0
output:642923,1,0.0,0.0
output:490272,1,0.0,0.0
output:490273,1,0.0,0.0
output:490269,1,0.0,0.0
output:528927,1,0.0,0.0
output:490505,1,0.0,0.0
output:490497,1,0.0,0.0
output:368444,1,0.0,0.0
output:532097,1,0.0,0.0
output:300138,1,0.0,0.0
output:643183,1,0.0,0.0
output:643182,1,0.0,0.0
output:643550,1,0.0,0.0
output:643549,1,0.0,0.0
output:412278,1,0.0,0.0
output:304307,1,0.0,0.0
output:249886,1,0.0,0.0
output:249888,1,0.0,0.0
output:220160,1,0.0,0.0
output:336348,1,0.0,0.0
output:642991,-1,-1.0,-1.0
output:625475,2,0.0,-1.0
output:624478,2,0.0,0.0
output:300921,2,0.0,0.0
output:300931,2,0.0,0.0
output:643537,2,0.0,0.0
output:643536,2,0.0,0.0
output:24756,2,0.0,0.0
output:24755,2,0.0,0.0
output:219533,2,0.0,0.0
output:219534,2,0.0,0.0
output:336122,2,0.0,0.0
output:642948,-1,-1.0,-1.0
output:528698,-1,-1.0,-1.0
output:528673,3,0.0,-1.0
output:489919,3,0.0,0.0
output:489925,3,0.0,0.0
output:528598,3,0.0,0.0
output:529173,3,0.0,0.0
output:490416,3,0.0,0.0
output:529169,3,0.0,0.0
output:529163,3,0.0,0.0
output:490491,3,0.0,0.0
output:624668,3,0.0,0.0
output:529083,3,0.0,0.0
output:529088,3,0.0,0.0
output:529090,3,0.0,0.0
output:490521,3,0.0,0.0
output:529544,3,0.0,0.0
output:529547,3,0.0,0.0
output:529549,3,0.0,0.0
output:624577,3,0.0,0.0
output:368307,3,0.0,0.0
output:368328,3,0.0,0.0
output:624575,3,0.0,0.0
output:624519,3,0.0,0.0
output:624518,3,0.0,0.0
output:624516,3,0.0,0.0
output:624515,3,0.0,0.0
output:624513,3,0.0,0.0
output:853944,3,0.0,0.0
output:853945,3,0.0,0.0
output:853946,3,0.0,0.0
output:853947,3,0.0,0.0
output:624272,3,0.0,0.0
output:624269,3,0.0,0.0
output:624268,3,0.0,0.0
output:624271,3,0.0,0.0
output:624270,3,0.0,0.0
output:624175,3,0.0,0.0
output:368448,3,0.0,0.0
output:368449,3,0.0,0.0
output:300115,3,0.0,0.0
output:300418,3,0.0,0.0
output:300416,3,0.0,0.0
output:300496,3,0.0,0.0
output:300548,3,0.0,0.0
output:300556,3,0.0,0.0
output:300777,3,0.0,0.0
output:300770,3,0.0,0.0
output:300768,3,0.0,0.0
output:300852,3,0.0,0.0
output:300856,3,0.0,0.0
output:300861,3,0.0,0.0
output:301189,3,0.0,0.0
output:301184,3,0.0,0.0
output:301195,3,0.0,0.0
output:301176,3,0.0,0.0
output:301181,3,0.0,0.0
output:301170,3,0.0,0.0
output:301175,3,0.0,0.0
output:301172,3,0.0,0.0
output:301165,3,0.0,0.0
output:643380,3,0.0,0.0
output:643381,3,0.0,0.0
output:643377,3,0.0,0.0
output:643379,3,0.0,0.0
output:572412,3,0.0,0.0
output:572335,3,0.0,0.0
output:572351,3,0.0,0.0
output:572347,3,0.0,0.0
output:572340,3,0.0,0.0
output:219083,3,0.0,0.0
output:24666,3,0.0,0.0
output:24671,3,0.0,0.0
output:24668,3,0.0,0.0
output:24674,3,0.0,0.0
output:25073,3,0.0,0.0
output:25064,3,0.0,0.0
output:25068,3,0.0,0.0
output:25059,3,0.0,0.0
output:128033,3,0.0,0.0
output:128034,3,0.0,0.0
output:59173,3,0.0,0.0
output:410091,3,0.0,0.0
output:58929,3,0.0,0.0
output:219828,3,0.0,0.0
output:58941,3,0.0,0.0
output:219785,3,0.0,0.0
output:128269,3,0.0,0.0
output:219783,3,0.0,0.0
output:409899,3,0.0,0.0
output:250066,3,0.0,0.0
output:250076,3,0.0,0.0
output:250105,3,0.0,0.0
output:250109,3,0.0,0.0
output:219489,3,0.0,0.0
output:58670,3,0.0,0.0
output:58671,3,0.0,0.0
output:219627,3,0.0,0.0
output:219623,3,0.0,0.0
output:410586,3,0.0,0.0
output:250277,3,0.0,0.0
output:250310,3,0.0,0.0
output:911491,3,0.0,0.0
output:911490,3,0.0,0.0
output:911489,3,0.0,0.0
output:911488,3,0.0,0.0
output:911485,3,0.0,0.0
output:911487,3,0.0,0.0
output:911486,3,0.0,0.0
output:1000535,3,0.0,0.0
output:1000533,3,0.0,0.0
output:1000530,3,0.0,0.0
output:1000528,3,0.0,0.0
output:1000526,3,0.0,0.0
output:1000524,3,0.0,0.0
output:1000525,3,0.0,0.0
output:1000522,3,0.0,0.0
output:1000523,3,0.0,0.0
output:1000521,3,0.0,0.0
output:814751,3,0.0,0.0
output:814750,3,0.0,0.0
output:814749,3,0.0,0.0
output:814748,3,0.0,0.0
output:814747,3,0.0,0.0
output:814746,3,0.0,0.0
output:814745,3,0.0,0.0
output:814744,3,0.0,0.0
output:814743,3,0.0,0.0
output:249414,3,0.0,0.0
output:170687,3,0.0,0.0
output:170686,3,0.0,0.0
output:170705,3,0.0,0.0
output:170708,3,0.0,0.0
output:170690,3,0.0,0.0
output:170688,3,0.0,0.0
output:170689,3,0.0,0.0
output:170694,3,0.0,0.0
output:170692,3,0.0,0.0
output:170693,3,0.0,0.0
output:170698,3,0.0,0.0
output:170702,3,0.0,0.0
output:170700,3,0.0,0.0
output:248989,3,0.0,0.0
output:248985,3,0.0,0.0
output:336093,3,0.0,0.0
output:336302,3,0.0,0.0
output:336301,3,0.0,0.0
output:169727,3,0.0,0.0
output:604738,3,0.0,0.0
output:604737,3,0.0,0.0
output:604736,3,0.0,0.0
output:605527,3,0.0,0.0
output:643254,3,3.615050421996041,3.615050421996041
output:643253,3,3.615050421996041,3.615050421996041
output:410063,3,3.615050421996041,3.615050421996041
output:169901,3,3.615050421996041,3.615050421996041
output:528594,4,0.0,-1.0
output:529158,4,0.0,0.0
output:624666,4,0.0,0.0
output:529085,4,0.0,0.0
output:624576,4,0.0,0.0
output:624574,4,0.0,0.0
output:624514,4,0.0,0.0
output:643382,4,0.0,0.0
output:643378,4,0.0,0.0
output:410092,4,0.0,0.0
output:250098,4,0.0,0.0
output:250083,4,0.0,0.0
output:219488,4,0.0,0.0
output:250090,4,0.0,0.0
output:250093,4,0.0,0.0
output:249620,4,0.0,0.0
output:249600,4,0.0,0.0
output:249606,4,0.0,0.0
output:249422,4,0.0,0.0
output:249589,4,0.0,0.0
output:336465,4,0.0,0.0
output:529287,5,0.0,-1.0
output:529288,5,0.0,0.0
output:490399,5,0.0,0.0
output:490102,5,0.0,0.0
output:490108,5,0.0,0.0
output:368453,5,0.0,0.0
output:624169,5,0.0,0.0
output:624167,5,0.0,0.0
output:644271,5,0.0,0.0
output:643170,5,0.0,0.0
output:25428,5,0.0,0.0
output:25427,5,0.0,0.0
output:409724,5,0.0,0.0
output:250466,5,0.0,0.0
output:250460,5,0.0,0.0
output:219720,5,0.0,0.0
output:219612,5,0.0,0.0
output:171295,5,0.0,0.0
output:171299,5,0.0,0.0
output:337833,5,0.0,0.0
output:490284,-1,-1.0,-1.0
output:765696,6,0.0,-1.0
output:765695,6,0.0,0.0
output:887121,6,0.0,0.0
output:791106,6,0.0,0.0
output:960198,6,0.0,0.0
output:960182,6,0.0,0.0
output:910995,6,0.0,0.0
output:910993,6,0.0,0.0
output:920884,6,0.0,0.0
output:920883,6,0.0,0.0
output:936915,6,0.0,0.0
output:765767,7,0.0,-1.0
output:793473,7,0.0,0.0
output:854418,7,0.0,0.0
output:885918,7,0.0,0.0
output:701740,7,0.0,0.0
output:129263,7,0.0,0.0
output:219402,7,0.0,0.0
output:490404,-1,-1.0,-1.0
output:529190,-1,-1.0,-1.0
output:529191,-1,-1.0,-1.0
output:490494,-1,-1.0,-1.0
output:529234,-1,-1.0,-1.0
output:529218,-1,-1.0,-1.0
output:765453,8,0.0,-1.0
output:765455,8,0.0,0.0
output:765451,8,0.0,0.0
output:886569,8,0.0,0.0
output:886571,8,0.0,0.0
output:853760,8,0.0,0.0
output:982492,8,0.0,0.0
output:960286,8,0.0,0.0
output:24877,8,0.0,0.0
output:854478,-1,-1.0,-1.0
output:529913,-1,-1.0,-1.0
output:529880,-1,-1.0,-1.0
output:529767,9,0.0,-1.0
output:643802,9,0.0,0.0
output:643321,9,0.0,0.0
output:219986,9,0.0,0.0
output:219983,9,0.0,0.0
output:250353,9,0.0,0.0
output:171103,9,0.0,0.0
output:490994,-1,-1.0,-1.0
output:490990,-1,-1.0,-1.0
output:529721,10,0.0,-1.0
output:491137,10,0.0,0.0
output:645320,10,0.0,0.0
output:411128,10,0.0,0.0
output:411129,10,0.0,0.0
output:371977,10,0.0,0.0
output:529665,-1,-1.0,-1.0
output:490561,-1,-1.0,-1.0
output:490579,-1,-1.0,-1.0
output:490523,-1,-1.0,-1.0
output:490527,-1,-1.0,-1.0
output:793711,-1,-1.0,-1.0
output:626414,-1,-1.0,-1.0
output:626369,11,0.0,-1.0
output:626371,11,0.0,0.0
output:626366,11,0.0,0.0
output:626365,11,0.0,0.0
output:491288,11,0.0,0.0
output:172496,11,0.0,0.0
output:529472,-1,-1.0,-1.0
output:529485,-1,-1.0,-1.0
output:491389,-1,-1.0,-1.0
output:491379,-1,-1.0,-1.0
output:530318,-1,-1.0,-1.0
output:530356,-1,-1.0,-1.0
output:530288,-1,-1.0,-1.0
output:491464,-1,-1.0,-1.0
output:530284,-1,-1.0,-1.0
output:626085,-1,-1.0,-1.0
output:625772,-1,-1.0,-1.0
output:886005,-1,-1.0,-1.0
output:529952,12,0.0,-1.0
output:221776,12,0.0,0.0
output:221774,12,0.0,0.0
output:25631,12,0.0,0.0
output:25637,12,0.0,0.0
output:410710,12,0.0,0.0
output:491144,-1,-1.0,-1.0
output:491158,-1,-1.0,-1.0
output:491153,-1,-1.0,-1.0
output:530702,-1,-1.0,-1.0
output:530706,-1,-1.0,-1.0
output:981933,13,0.0,-1.0
output:981950,13,0.0,0.0
output:981938,13,0.0,0.0
output:981963,13,0.0,0.0
output:981955,13,0.0,0.0
output:981959,13,0.0,0.0
output:981968,13,0.0,0.0
output:886967,13,0.0,0.0
output:734966,13,0.0,0.0
output:956298,13,0.0,0.0
output:1000248,13,0.0,0.0
output:912433,13,0.0,0.0
output:1000484,13,0.0,0.0
output:530644,-1,-1.0,-1.0
output:530631,-1,-1.0,-1.0
output:173317,-1,-1.0,-1.0
output:173321,-1,-1.0,-1.0
output:531306,-1,-1.0,-1.0
output:530974,14,0.0,-1.0
output:624618,14,0.0,0.0
output:368212,14,0.0,0.0
output:643196,14,0.0,0.0
output:571889,14,0.0,0.0
output:572765,14,0.0,0.0
output:219693,14,0.0,0.0
output:170026,14,0.0,0.0
output:170028,14,0.0,0.0
output:492094,14,0.0,0.0
output:981413,-1,-1.0,-1.0
output:530985,-1,-1.0,-1.0
output:531070,-1,-1.0,-1.0
output:531077,-1,-1.0,-1.0
output:791081,-1,-1.0,-1.0
output:172873,-1,-1.0,-1.0
output:368308,-1,-1.0,-1.0
output:368309,-1,-1.0,-1.0
output:172845,-1,-1.0,-1.0
output:172841,-1,-1.0,-1.0
output:531958,-1,-1.0,-1.0
output:368173,-1,-1.0,-1.0
output:368189,-1,-1.0,-1.0
output:368552,-1,-1.0,-1.0
output:368589,-1,-1.0,-1.0
output:854006,-1,-1.0,-1.0
output:531710,-1,-1.0,-1.0
output:792329,-1,-1.0,-1.0
output:172136,-1,-1.0,-1.0
output:532019,-1,-1.0,-1.0
output:172050,-1,-1.0,-1.0
output:172228,-1,-1.0,-1.0
output:172233,-1,-1.0,-1.0
output:221649,-1,-1.0,-1.0
output:734210,-1,-1.0,-1.0
output:221887,-1,-1.0,-1.0
output:221750,-1,-1.0,-1.0
output:221753,-1,-1.0,-1.0
output:222268,-1,-1.0,-1.0
output:300267,-1,-1.0,-1.0
output:222288,-1,-1.0,-1.0
output:300590,-1,-1.0,-1.0
output:300678,-1,-1.0,-1.0
output:222761,-1,-1.0,-1.0
output:644609,-1,-1.0,-1.0
output:644990,-1,-1.0,-1.0
output:223633,-1,-1.0,-1.0
output:254972,-1,-1.0,-1.0
output:301754,-1,-1.0,-1.0
output:302033,-1,-1.0,-1.0
output:644603,-1,-1.0,-1.0
output:735512,-1,-1.0,-1.0
output:643742,-1,-1.0,-1.0
output:643821,-1,-1.0,-1.0
output:255163,-1,-1.0,-1.0
output:573458,-1,-1.0,-1.0
output:302483,-1,-1.0,-1.0
output:961069,-1,-1.0,-1.0
output:961068,-1,-1.0,-1.0
output:302569,-1,-1.0,-1.0
output:766339,-1,-1.0,-1.0
output:302567,-1,-1.0,-1.0
output:255181,-1,-1.0,-1.0
output:766295,-1,-1.0,-1.0
output:643130,-1,-1.0,-1.0
output:643131,-1,-1.0,-1.0
output:643129,-1,-1.0,-1.0
output:643181,-1,-1.0,-1.0
output:643137,-1,-1.0,-1.0
output:643136,-1,-1.0,-1.0
output:574283,-1,-1.0,-1.0
output:665813,-1,-1.0,-1.0
output:643221,-1,-1.0,-1.0
output:643220,-1,-1.0,-1.0
output:643217,-1,-1.0,-1.0
output:643219,-1,-1.0,-1.0
output:643218,-1,-1.0,-1.0
output:643206,-1,-1.0,-1.0
output:643207,-1,-1.0,-1.0
output:643289,-1,-1.0,-1.0
output:643290,-1,-1.0,-1.0
output:643413,-1,-1.0,-1.0
output:643502,-1,-1.0,-1.0
output:643503,-1,-1.0,-1.0
output:574082,-1,-1.0,-1.0
output:643577,-1,-1.0,-1.0
output:643573,-1,-1.0,-1.0
output:643551,-1,-1.0,-1.0
output:572150,-1,-1.0,-1.0
output:572270,-1,-1.0,-1.0
output:572210,-1,-1.0,-1.0
output:26479,-1,-1.0,-1.0
output:25688,-1,-1.0,-1.0
output:60921,-1,-1.0,-1.0
output:252191,-1,-1.0,-1.0
output:26071,-1,-1.0,-1.0
output:26055,-1,-1.0,-1.0
output:60512,-1,-1.0,-1.0
output:252338,-1,-1.0,-1.0
output:252329,-1,-1.0,-1.0
output:25258,-1,-1.0,-1.0
output:25253,-1,-1.0,-1.0
output:25279,-1,-1.0,-1.0
output:60396,-1,-1.0,-1.0
output:25212,-1,-1.0,-1.0
output:129245,-1,-1.0,-1.0
output:59999,-1,-1.0,-1.0
output:25445,-1,-1.0,-1.0
output:25430,-1,-1.0,-1.0
output:25433,-1,-1.0,-1.0
output:253825,-1,-1.0,-1.0
output:572471,-1,-1.0,-1.0
output:59663,-1,-1.0,-1.0
output:129549,-1,-1.0,-1.0
output:24758,-1,-1.0,-1.0
output:572569,-1,-1.0,-1.0
output:25050,-1,-1.0,-1.0
output:25051,-1,-1.0,-1.0
output:59479,-1,-1.0,-1.0
output:59392,-1,-1.0,-1.0
output:250522,-1,-1.0,-1.0
output:59189,-1,-1.0,-1.0
output:128022,-1,-1.0,-1.0
output:128027,-1,-1.0,-1.0
output:220158,-1,-1.0,-1.0
output:220159,-1,-1.0,-1.0
output:128121,-1,-1.0,-1.0
output:220100,-1,-1.0,-1.0
output:219681,-1,-1.0,-1.0
output:250790,-1,-1.0,-1.0
output:1000275,-1,-1.0,-1.0
output:410062,-1,-1.0,-1.0
output:219676,-1,-1.0,-1.0
output:410044,-1,-1.0,-1.0
output:219726,-1,-1.0,-1.0
output:409997,-1,-1.0,-1.0
output:409996,-1,-1.0,-1.0
output:409998,-1,-1.0,-1.0
output:409986,-1,-1.0,-1.0
output:219819,-1,-1.0,-1.0
output:219820,-1,-1.0,-1.0
output:58935,-1,-1.0,-1.0
output:219847,-1,-1.0,-1.0
output:58806,-1,-1.0,-1.0
output:128541,-1,-1.0,-1.0
output:219201,-1,-1.0,-1.0
output:410545,-1,-1.0,-1.0
output:410532,-1,-1.0,-1.0
output:410379,-1,-1.0,-1.0
output:220973,-1,-1.0,-1.0
output:27176,-1,-1.0,-1.0
output:251518,-1,-1.0,-1.0
output:221149,-1,-1.0,-1.0
output:911731,-1,-1.0,-1.0
output:410690,-1,-1.0,-1.0
output:411021,-1,-1.0,-1.0
output:911598,-1,-1.0,-1.0
output:251776,-1,-1.0,-1.0
output:220509,-1,-1.0,-1.0
output:127694,-1,-1.0,-1.0
output:220534,-1,-1.0,-1.0
output:411160,-1,-1.0,-1.0
output:411210,-1,-1.0,-1.0
output:250906,-1,-1.0,-1.0
output:220551,-1,-1.0,-1.0
output:411548,-1,-1.0,-1.0
output:220265,-1,-1.0,-1.0
output:220176,-1,-1.0,-1.0
output:26912,-1,-1.0,-1.0
output:220218,-1,-1.0,-1.0
output:127839,-1,-1.0,-1.0
output:127831,-1,-1.0,-1.0
output:911929,-1,-1.0,-1.0
output:251263,-1,-1.0,-1.0
output:411505,-1,-1.0,-1.0
output:368934,-1,-1.0,-1.0
output:171162,-1,-1.0,-1.0
output:171161,-1,-1.0,-1.0
output:171166,-1,-1.0,-1.0
output:171165,-1,-1.0,-1.0
output:171147,-1,-1.0,-1.0
output:171074,-1,-1.0,-1.0
output:369052,-1,-1.0,-1.0
output:920831,-1,-1.0,-1.0
output:171069,-1,-1.0,-1.0
output:171070,-1,-1.0,-1.0
output:338305,-1,-1.0,-1.0
output:368891,-1,-1.0,-1.0
output:368864,-1,-1.0,-1.0
output:171763,-1,-1.0,-1.0
output:369470,-1,-1.0,-1.0
output:921164,-1,-1.0,-1.0
output:369615,-1,-1.0,-1.0
output:814561,-1,-1.0,-1.0
output:171936,-1,-1.0,-1.0
output:369328,-1,-1.0,-1.0
output:170129,15,0.0,-1.0
output:170115,15,0.0,0.0
output:170113,15,0.0,0.0
output:170119,15,0.0,0.0
output:170123,15,0.0,0.0
output:170127,15,0.0,0.0
output:170109,15,0.0,0.0
output:170106,15,0.0,0.0
output:170165,-1,-1.0,-1.0
output:249706,-1,-1.0,-1.0
output:170045,-1,-1.0,-1.0
output:492543,-1,-1.0,-1.0
output:492429,-1,-1.0,-1.0
output:170058,-1,-1.0,-1.0
output:492447,-1,-1.0,-1.0
output:170096,-1,-1.0,-1.0
output:492126,-1,-1.0,-1.0
output:492127,-1,-1.0,-1.0
output:492124,-1,-1.0,-1.0
output:492148,-1,-1.0,-1.0
output:170415,-1,-1.0,-1.0
output:369871,-1,-1.0,-1.0
output:491824,-1,-1.0,-1.0
output:170559,-1,-1.0,-1.0
output:170501,-1,-1.0,-1.0
output:249259,-1,-1.0,-1.0
output:170583,-1,-1.0,-1.0
output:491637,-1,-1.0,-1.0
output:491770,-1,-1.0,-1.0
output:491718,-1,-1.0,-1.0
output:604525,-1,-1.0,-1.0
output:336012,-1,-1.0,-1.0
output:336144,-1,-1.0,-1.0
output:169705,-1,-1.0,-1.0
output:336657,-1,-1.0,-1.0
output:336756,-1,-1.0,-1.0
output:336754,-1,-1.0,-1.0
output:336822,-1,-1.0,-1.0
output:494700,-1,-1.0,-1.0
output:604809,-1,-1.0,-1.0
output:494705,-1,-1.0,-1.0
output:169875,-1,-1.0,-1.0
output:605496,-1,-1.0,-1.0
output:61956,-1,-1.0,-1.0
output:337260,-1,-1.0,-1.0
output:605732,-1,-1.0,-1.0
output:605798,-1,-1.0,-1.0
output:337678,-1,-1.0,-1.0
output:493634,-1,-1.0,-1.0
output:605902,-1,-1.0,-1.0
