output:176014,-1,-1.0,-1.0
output:176012,-1,-1.0,-1.0
output:792844,0,0.0,-1.0
output:792845,0,0.0,0.0
output:668322,0,0.0,0.0
output:668320,0,0.0,0.0
output:703249,0,0.0,0.0
output:668316,0,0.0,0.0
output:794357,0,0.0,0.0
output:794344,0,0.0,0.0
output:794338,0,0.0,0.0
output:701935,0,0.0,0.0
output:531844,0,0.0,0.0
output:172717,0,0.0,0.0
output:172715,0,0.0,0.0
output:982476,0,0.0,0.0
output:887880,0,0.0,0.0
output:887882,0,0.0,0.0
output:887884,0,0.0,0.0
output:887887,0,0.0,0.0
output:887875,0,0.0,0.0
output:887878,0,0.0,0.0
output:887891,0,0.0,0.0
output:982460,0,0.0,0.0
output:734884,0,0.0,0.0
output:222099,0,0.0,0.0
output:222098,0,0.0,0.0
output:222097,0,0.0,0.0
output:222292,0,0.0,0.0
output:768326,0,0.0,0.0
output:768332,0,0.0,0.0
output:768330,0,0.0,0.0
output:768328,0,0.0,0.0
output:253970,0,0.0,0.0
output:253967,0,0.0,0.0
output:253960,0,0.0,0.0
output:253963,0,0.0,0.0
output:644305,0,0.0,0.0
output:573536,0,0.0,0.0
output:736158,0,0.0,0.0
output:736157,0,0.0,0.0
output:303990,0,0.0,0.0
output:61028,0,0.0,0.0
output:61029,0,0.0,0.0
output:61030,0,0.0,0.0
output:61031,0,0.0,0.0
output:303509,0,0.0,0.0
output:303514,0,0.0,0.0
output:60505,0,0.0,0.0
output:60504,0,0.0,0.0
output:129189,0,0.0,0.0
output:171479,0,0.0,0.0
output:338624,0,0.0,0.0
output:921436,0,0.0,0.0
output:913411,0,0.0,0.0
output:913414,0,0.0,0.0
output:913413,0,0.0,0.0
output:913412,0,0.0,0.0
output:370595,0,0.0,0.0
output:493909,0,0.0,0.0
output:28958,0,5.489522153740785,5.489522153740785
output:254421,0,6.006858337100459,5.489522153740785
output:176097,-1,-1.0,-1.0
output:176115,-1,-1.0,-1.0
output:625568,1,0.0,-1.0
output:625566,1,0.0,0.0
output:625564,1,0.0,0.0
output:625562,1,0.0,0.0
output:625561,1,0.0,0.0
output:625559,1,0.0,0.0
output:625557,1,0.0,0.0
output:668260,1,0.0,0.0
output:668234,1,0.0,0.0
output:668229,1,0.0,0.0
output:668251,1,0.0,0.0
output:668241,1,0.0,0.0
output:668244,1,0.0,0.0
output:668247,1,0.0,0.0
output:606648,1,0.0,0.0
output:606650,1,0.0,0.0
output:530814,1,0.0,0.0
output:530809,1,0.0,0.0
output:530810,1,0.0,0.0
output:530817,1,0.0,0.0
output:530823,1,0.0,0.0
output:530820,1,0.0,0.0
output:530827,1,0.0,0.0
output:530825,1,0.0,0.0
output:530831,1,0.0,0.0
output:530833,1,0.0,0.0
output:530943,1,0.0,0.0
output:530937,1,0.0,0.0
output:530509,1,0.0,0.0
output:530501,1,0.0,0.0
output:530576,1,0.0,0.0
output:530567,1,0.0,0.0
output:530569,1,0.0,0.0
output:530574,1,0.0,0.0
output:531212,1,0.0,0.0
output:531224,1,0.0,0.0
output:531217,1,0.0,0.0
output:531244,1,0.0,0.0
output:531247,1,0.0,0.0
output:531239,1,0.0,0.0
output:531232,1,0.0,0.0
output:530968,1,0.0,0.0
output:530970,1,0.0,0.0
output:530960,1,0.0,0.0
output:530951,1,0.0,0.0
output:531745,1,0.0,0.0
output:531747,1,0.0,0.0
output:531724,1,0.0,0.0
output:531731,1,0.0,0.0
output:531736,1,0.0,0.0
output:531541,1,0.0,0.0
output:531536,1,0.0,0.0
output:531544,1,0.0,0.0
output:531525,1,0.0,0.0
output:531531,1,0.0,0.0
output:531504,1,0.0,0.0
output:531512,1,0.0,0.0
output:531519,1,0.0,0.0
output:531516,1,0.0,0.0
output:531491,1,0.0,0.0
output:531498,1,0.0,0.0
output:531496,1,0.0,0.0
output:531503,1,0.0,0.0
output:531477,1,0.0,0.0
output:531485,1,0.0,0.0
output:531466,1,0.0,0.0
output:531469,1,0.0,0.0
output:888092,1,0.0,0.0
output:888089,1,0.0,0.0
output:888087,1,0.0,0.0
output:888084,1,0.0,0.0
output:888082,1,0.0,0.0
output:888080,1,0.0,0.0
output:888078,1,0.0,0.0
output:888076,1,0.0,0.0
output:888074,1,0.0,0.0
output:888073,1,0.0,0.0
output:888069,1,0.0,0.0
output:888066,1,0.0,0.0
output:888067,1,0.0,0.0
output:888064,1,0.0,0.0
output:888065,1,0.0,0.0
output:888104,1,0.0,0.0
output:888101,1,0.0,0.0
output:888103,1,0.0,0.0
output:888096,1,0.0,0.0
output:888099,1,0.0,0.0
output:888059,1,0.0,0.0
output:888062,1,0.0,0.0
output:888063,1,0.0,0.0
output:888060,1,0.0,0.0
output:888061,1,0.0,0.0
output:221674,1,0.0,0.0
output:221676,1,0.0,0.0
output:221668,1,0.0,0.0
output:221670,1,0.0,0.0
output:221690,1,0.0,0.0
output:221693,1,0.0,0.0
output:221680,1,0.0,0.0
output:221684,1,0.0,0.0
output:221827,1,0.0,0.0
output:221829,1,0.0,0.0
output:221822,1,0.0,0.0
output:221823,1,0.0,0.0
output:221820,1,0.0,0.0
output:221821,1,0.0,0.0
output:221713,1,0.0,0.0
output:221715,1,0.0,0.0
output:221717,1,0.0,0.0
output:221720,1,0.0,0.0
output:221725,1,0.0,0.0
output:221726,1,0.0,0.0
output:221727,1,0.0,0.0
output:221697,1,0.0,0.0
output:221698,1,0.0,0.0
output:221703,1,0.0,0.0
output:221702,1,0.0,0.0
output:221704,1,0.0,0.0
output:221707,1,0.0,0.0
output:221709,1,0.0,0.0
output:221711,1,0.0,0.0
output:221730,1,0.0,0.0
output:221729,1,0.0,0.0
output:221734,1,0.0,0.0
output:221732,1,0.0,0.0
output:221739,1,0.0,0.0
output:221738,1,0.0,0.0
output:221737,1,0.0,0.0
output:221741,1,0.0,0.0
output:222124,1,0.0,0.0
output:222126,1,0.0,0.0
output:222128,1,0.0,0.0
output:222131,1,0.0,0.0
output:221979,1,0.0,0.0
output:221983,1,0.0,0.0
output:221980,1,0.0,0.0
output:221981,1,0.0,0.0
output:221985,1,0.0,0.0
output:221987,1,0.0,0.0
output:221989,1,0.0,0.0
output:221990,1,0.0,0.0
output:221993,1,0.0,0.0
output:221995,1,0.0,0.0
output:221997,1,0.0,0.0
output:221999,1,0.0,0.0
output:222000,1,0.0,0.0
output:222639,1,0.0,0.0
output:222632,1,0.0,0.0
output:222634,1,0.0,0.0
output:222644,1,0.0,0.0
output:222646,1,0.0,0.0
output:222643,1,0.0,0.0
output:222648,1,0.0,0.0
output:645536,1,0.0,0.0
output:645537,1,0.0,0.0
output:645538,1,0.0,0.0
output:645535,1,0.0,0.0
output:644632,1,0.0,0.0
output:644633,1,0.0,0.0
output:644634,1,0.0,0.0
output:644635,1,0.0,0.0
output:644636,1,0.0,0.0
output:644637,1,0.0,0.0
output:644638,1,0.0,0.0
output:644639,1,0.0,0.0
output:644624,1,0.0,0.0
output:644625,1,0.0,0.0
output:644626,1,0.0,0.0
output:644627,1,0.0,0.0
output:644628,1,0.0,0.0
output:644629,1,0.0,0.0
output:644630,1,0.0,0.0
output:644631,1,0.0,0.0
output:644621,1,0.0,0.0
output:644620,1,0.0,0.0
output:644623,1,0.0,0.0
output:644622,1,0.0,0.0
output:644761,1,0.0,0.0
output:644760,1,0.0,0.0
output:644763,1,0.0,0.0
output:644762,1,0.0,0.0
output:644765,1,0.0,0.0
output:644764,1,0.0,0.0
output:644767,1,0.0,0.0
output:644766,1,0.0,0.0
output:644770,1,0.0,0.0
output:644771,1,0.0,0.0
output:644768,1,0.0,0.0
output:644769,1,0.0,0.0
output:644772,1,0.0,0.0
output:574555,1,0.0,0.0
output:574559,1,0.0,0.0
output:574568,1,0.0,0.0
output:574565,1,0.0,0.0
output:574584,1,0.0,0.0
output:574577,1,0.0,0.0
output:767546,1,0.0,0.0
output:767544,1,0.0,0.0
output:767542,1,0.0,0.0
output:767543,1,0.0,0.0
output:767541,1,0.0,0.0
output:767539,1,0.0,0.0
output:767537,1,0.0,0.0
output:767535,1,0.0,0.0
output:767533,1,0.0,0.0
output:767531,1,0.0,0.0
output:767530,1,0.0,0.0
output:767529,1,0.0,0.0
output:767528,1,0.0,0.0
output:767527,1,0.0,0.0
output:767526,1,0.0,0.0
output:767525,1,0.0,0.0
output:767524,1,0.0,0.0
output:767523,1,0.0,0.0
output:767522,1,0.0,0.0
output:767521,1,0.0,0.0
output:767520,1,0.0,0.0
output:767516,1,0.0,0.0
output:767517,1,0.0,0.0
output:767518,1,0.0,0.0
output:767519,1,0.0,0.0
output:767512,1,0.0,0.0
output:767513,1,0.0,0.0
output:767514,1,0.0,0.0
output:767515,1,0.0,0.0
output:767511,1,0.0,0.0
output:626806,1,0.0,0.0
output:626805,1,0.0,0.0
output:626810,1,0.0,0.0
output:626811,1,0.0,0.0
output:626808,1,0.0,0.0
output:644384,1,0.0,0.0
output:644367,1,0.0,0.0
output:644366,1,0.0,0.0
output:644365,1,0.0,0.0
output:644364,1,0.0,0.0
output:644363,1,0.0,0.0
output:644362,1,0.0,0.0
output:644361,1,0.0,0.0
output:644360,1,0.0,0.0
output:644359,1,0.0,0.0
output:644358,1,0.0,0.0
output:644357,1,0.0,0.0
output:644382,1,0.0,0.0
output:644383,1,0.0,0.0
output:644380,1,0.0,0.0
output:644381,1,0.0,0.0
output:644378,1,0.0,0.0
output:644379,1,0.0,0.0
output:644376,1,0.0,0.0
output:644377,1,0.0,0.0
output:644374,1,0.0,0.0
output:644375,1,0.0,0.0
output:644372,1,0.0,0.0
output:644373,1,0.0,0.0
output:644370,1,0.0,0.0
output:644371,1,0.0,0.0
output:644368,1,0.0,0.0
output:644369,1,0.0,0.0
output:573813,1,0.0,0.0
output:573817,1,0.0,0.0
output:573797,1,0.0,0.0
output:573801,1,0.0,0.0
output:573841,1,0.0,0.0
output:573836,1,0.0,0.0
output:573833,1,0.0,0.0
output:573829,1,0.0,0.0
output:573825,1,0.0,0.0
output:302591,1,0.0,0.0
output:302594,1,0.0,0.0
output:302602,1,0.0,0.0
output:303891,1,0.0,0.0
output:303880,1,0.0,0.0
output:303882,1,0.0,0.0
output:303886,1,0.0,0.0
output:303873,1,0.0,0.0
output:26168,1,0.0,0.0
output:26161,1,0.0,0.0
output:26124,1,0.0,0.0
output:26138,1,0.0,0.0
output:26214,1,0.0,0.0
output:252649,1,0.0,0.0
output:26210,1,0.0,0.0
output:252663,1,0.0,0.0
output:26224,1,0.0,0.0
output:252611,1,0.0,0.0
output:26176,1,0.0,0.0
output:26177,1,0.0,0.0
output:252624,1,0.0,0.0
output:252638,1,0.0,0.0
output:303658,1,0.0,0.0
output:303673,1,0.0,0.0
output:303676,1,0.0,0.0
output:303666,1,0.0,0.0
output:252680,1,0.0,0.0
output:303647,1,0.0,0.0
output:303636,1,0.0,0.0
output:252790,1,0.0,0.0
output:252784,1,0.0,0.0
output:252780,1,0.0,0.0
output:252772,1,0.0,0.0
output:252768,1,0.0,0.0
output:252764,1,0.0,0.0
output:26402,1,0.0,0.0
output:26403,1,0.0,0.0
output:26400,1,0.0,0.0
output:26401,1,0.0,0.0
output:26392,1,0.0,0.0
output:26395,1,0.0,0.0
output:26394,1,0.0,0.0
output:26397,1,0.0,0.0
output:26396,1,0.0,0.0
output:26399,1,0.0,0.0
output:26398,1,0.0,0.0
output:26385,1,0.0,0.0
output:26384,1,0.0,0.0
output:26387,1,0.0,0.0
output:26386,1,0.0,0.0
output:26388,1,0.0,0.0
output:26390,1,0.0,0.0
output:26378,1,0.0,0.0
output:26379,1,0.0,0.0
output:26380,1,0.0,0.0
output:26381,1,0.0,0.0
output:26382,1,0.0,0.0
output:26383,1,0.0,0.0
output:303867,1,0.0,0.0
output:60873,1,0.0,0.0
output:60872,1,0.0,0.0
output:60875,1,0.0,0.0
output:60874,1,0.0,0.0
output:60877,1,0.0,0.0
output:60876,1,0.0,0.0
output:60879,1,0.0,0.0
output:252100,1,0.0,0.0
output:60878,1,0.0,0.0
output:252105,1,0.0,0.0
output:60869,1,0.0,0.0
output:252110,1,0.0,0.0
output:60868,1,0.0,0.0
output:60871,1,0.0,0.0
output:60870,1,0.0,0.0
output:303134,1,0.0,0.0
output:303130,1,0.0,0.0
output:303125,1,0.0,0.0
output:303120,1,0.0,0.0
output:303149,1,0.0,0.0
output:303147,1,0.0,0.0
output:303139,1,0.0,0.0
output:303167,1,0.0,0.0
output:303160,1,0.0,0.0
output:303154,1,0.0,0.0
output:303178,1,0.0,0.0
output:303186,1,0.0,0.0
output:303191,1,0.0,0.0
output:303244,1,0.0,0.0
output:252377,1,0.0,0.0
output:252382,1,0.0,0.0
output:252385,1,0.0,0.0
output:252391,1,0.0,0.0
output:252398,1,0.0,0.0
output:129064,1,0.0,0.0
output:129065,1,0.0,0.0
output:129060,1,0.0,0.0
output:129061,1,0.0,0.0
output:129062,1,0.0,0.0
output:129063,1,0.0,0.0
output:253812,1,0.0,0.0
output:253819,1,0.0,0.0
output:253795,1,0.0,0.0
output:253807,1,0.0,0.0
output:253776,1,0.0,0.0
output:253784,1,0.0,0.0
output:253765,1,0.0,0.0
output:253746,1,0.0,0.0
output:253749,1,0.0,0.0
output:253755,1,0.0,0.0
output:253732,1,0.0,0.0
output:253739,1,0.0,0.0
output:253719,1,0.0,0.0
output:253725,1,0.0,0.0
output:129507,1,0.0,0.0
output:129511,1,0.0,0.0
output:129510,1,0.0,0.0
output:129509,1,0.0,0.0
output:129508,1,0.0,0.0
output:253841,1,0.0,0.0
output:573421,1,0.0,0.0
output:253836,1,0.0,0.0
output:253826,1,0.0,0.0
output:128764,1,0.0,0.0
output:128765,1,0.0,0.0
output:815747,1,0.0,0.0
output:815755,1,0.0,0.0
output:815754,1,0.0,0.0
output:815766,1,0.0,0.0
output:815761,1,0.0,0.0
output:815772,1,0.0,0.0
output:815789,1,0.0,0.0
output:815804,1,0.0,0.0
output:815809,1,0.0,0.0
output:815815,1,0.0,0.0
output:815831,1,0.0,0.0
output:815836,1,0.0,0.0
output:815840,1,0.0,0.0
output:411517,1,0.0,0.0
output:411516,1,0.0,0.0
output:338015,1,0.0,0.0
output:338013,1,0.0,0.0
output:338017,1,0.0,0.0
output:338018,1,0.0,0.0
output:493110,1,0.0,0.0
output:493118,1,0.0,0.0
output:493100,1,0.0,0.0
output:493121,1,0.0,0.0
output:492836,1,0.0,0.0
output:492833,1,0.0,0.0
output:492807,1,0.0,0.0
output:492803,1,0.0,0.0
output:492815,1,0.0,0.0
output:492810,1,0.0,0.0
output:492821,1,0.0,0.0
output:492818,1,0.0,0.0
output:492831,1,0.0,0.0
output:492825,1,0.0,0.0
output:492986,1,0.0,0.0
output:492983,1,0.0,0.0
output:492977,1,0.0,0.0
output:492956,1,0.0,0.0
output:492959,1,0.0,0.0
output:492597,1,0.0,0.0
output:492593,1,0.0,0.0
output:492604,1,0.0,0.0
output:492581,1,0.0,0.0
output:492584,1,0.0,0.0
output:492561,1,0.0,0.0
output:492573,1,0.0,0.0
output:492550,1,0.0,0.0
output:492554,1,0.0,0.0
output:492665,1,0.0,0.0
output:492642,1,0.0,0.0
output:492646,1,0.0,0.0
output:492650,1,0.0,0.0
output:492654,1,0.0,0.0
output:492624,1,0.0,0.0
output:492625,1,0.0,0.0
output:492631,1,0.0,0.0
output:492615,1,0.0,0.0
output:492617,1,0.0,0.0
output:492616,1,0.0,0.0
output:492620,1,0.0,0.0
output:492247,1,0.0,0.0
output:492245,1,0.0,0.0
output:492244,1,0.0,0.0
output:492243,1,0.0,0.0
output:492255,1,0.0,0.0
output:492252,1,0.0,0.0
output:492261,1,0.0,0.0
output:492257,1,0.0,0.0
output:492258,1,0.0,0.0
output:492215,1,0.0,0.0
output:492218,1,0.0,0.0
output:492220,1,0.0,0.0
output:492222,1,0.0,0.0
output:370526,1,0.0,0.0
output:370527,1,0.0,0.0
output:491808,1,0.0,0.0
output:370447,1,0.0,0.0
output:491806,1,0.0,0.0
output:491800,1,0.0,0.0
output:491803,1,0.0,0.0
output:370681,1,0.0,0.0
output:370680,1,0.0,0.0
output:491919,1,0.0,0.0
output:491922,1,0.0,0.0
output:370277,1,0.0,0.0
output:370406,1,0.0,0.0
output:370974,1,0.0,0.0
output:370723,1,0.0,0.0
output:371684,1,0.0,0.0
output:337391,1,0.0,0.0
output:337394,1,0.0,0.0
output:605985,1,0.0,0.0
output:61582,1,0.0,0.0
output:61583,1,0.0,0.0
output:61581,1,0.0,0.0
output:61587,1,0.0,0.0
output:61586,1,0.0,0.0
output:61585,1,0.0,0.0
output:61584,1,0.0,0.0
output:337789,1,0.0,0.0
output:605844,1,0.0,0.0
output:337792,1,0.0,0.0
output:337795,1,0.0,0.0
output:337797,1,0.0,0.0
output:531134,1,0.0,3.615050421996041
output:531128,1,0.0,0.0
output:532168,1,0.0,0.0
output:172183,1,0.0,0.0
output:221598,1,0.0,0.0
output:221596,1,0.0,0.0
output:221595,1,0.0,0.0
output:221592,1,0.0,0.0
output:222340,1,0.0,0.0
output:222338,1,0.0,0.0
output:644658,1,0.0,0.0
output:645015,1,0.0,0.0
output:645014,1,0.0,0.0
output:645013,1,0.0,0.0
output:573917,1,0.0,0.0
output:573916,1,0.0,0.0
output:643998,1,0.0,0.0
output:132260,1,0.0,0.0
output:61136,1,0.0,0.0
output:61135,1,0.0,0.0
output:61134,1,0.0,0.0
output:253071,1,0.0,0.0
output:253085,1,0.0,0.0
output:128854,1,0.0,0.0
output:27523,1,0.0,0.0
output:27522,1,0.0,0.0
output:27525,1,0.0,0.0
output:27527,1,0.0,0.0
output:27526,1,0.0,0.0
output:337996,1,0.0,0.0
output:339644,1,0.0,0.0
output:793027,2,0.0,-1.0
output:793026,2,0.0,0.0
output:793025,2,0.0,0.0
output:793024,2,0.0,0.0
output:793031,2,0.0,0.0
output:793030,2,0.0,0.0
output:793029,2,0.0,0.0
output:793028,2,0.0,0.0
output:793035,2,0.0,0.0
output:793034,2,0.0,0.0
output:793033,2,0.0,0.0
output:793032,2,0.0,0.0
output:793039,2,0.0,0.0
output:793038,2,0.0,0.0
output:793037,2,0.0,0.0
output:793036,2,0.0,0.0
output:793040,2,0.0,0.0
output:793022,2,0.0,0.0
output:793023,2,0.0,0.0
output:175757,2,0.0,0.0
output:175747,2,0.0,0.0
output:854847,2,0.0,0.0
output:854823,2,0.0,0.0
output:175730,2,0.0,0.0
output:175733,2,0.0,0.0
output:175737,2,0.0,0.0
output:175713,2,0.0,0.0
output:175722,2,0.0,0.0
output:175726,2,0.0,0.0
output:175725,2,0.0,0.0
output:626552,2,0.0,0.0
output:606761,2,0.0,0.0
output:794089,2,0.0,0.0
output:855788,2,0.0,0.0
output:855785,2,0.0,0.0
output:794094,2,0.0,0.0
output:855783,2,0.0,0.0
output:794084,2,0.0,0.0
output:855804,2,0.0,0.0
output:794107,2,0.0,0.0
output:855802,2,0.0,0.0
output:855800,2,0.0,0.0
output:794098,2,0.0,0.0
output:855797,2,0.0,0.0
output:855792,2,0.0,0.0
output:794103,2,0.0,0.0
output:794078,2,0.0,0.0
output:626286,2,0.0,0.0
output:626287,2,0.0,0.0
output:626298,2,0.0,0.0
output:626296,2,0.0,0.0
output:626303,2,0.0,0.0
output:626301,2,0.0,0.0
output:626300,2,0.0,0.0
output:626291,2,0.0,0.0
output:626290,2,0.0,0.0
output:626289,2,0.0,0.0
output:626288,2,0.0,0.0
output:626295,2,0.0,0.0
output:626294,2,0.0,0.0
output:626293,2,0.0,0.0
output:626292,2,0.0,0.0
output:626309,2,0.0,0.0
output:626310,2,0.0,0.0
output:626305,2,0.0,0.0
output:626307,2,0.0,0.0
output:626317,2,0.0,0.0
output:626318,2,0.0,0.0
output:626312,2,0.0,0.0
output:626314,2,0.0,0.0
output:626324,2,0.0,0.0
output:626327,2,0.0,0.0
output:626320,2,0.0,0.0
output:626321,2,0.0,0.0
output:626323,2,0.0,0.0
output:626329,2,0.0,0.0
output:626330,2,0.0,0.0
output:606263,2,0.0,0.0
output:606261,2,0.0,0.0
output:794129,2,0.0,0.0
output:794134,2,0.0,0.0
output:794113,2,0.0,0.0
output:794124,2,0.0,0.0
output:794165,2,0.0,0.0
output:794172,2,0.0,0.0
output:794144,2,0.0,0.0
output:794156,2,0.0,0.0
output:794196,2,0.0,0.0
output:794185,2,0.0,0.0
output:887585,2,0.0,0.0
output:887571,2,0.0,0.0
output:887574,2,0.0,0.0
output:887577,2,0.0,0.0
output:887580,2,0.0,0.0
output:887552,2,0.0,0.0
output:887557,2,0.0,0.0
output:887562,2,0.0,0.0
output:887566,2,0.0,0.0
output:887567,2,0.0,0.0
output:530848,2,0.0,0.0
output:530853,2,0.0,0.0
output:530856,2,0.0,0.0
output:530861,2,0.0,0.0
output:530865,2,0.0,0.0
output:530868,2,0.0,0.0
output:530836,2,0.0,0.0
output:530842,2,0.0,0.0
output:887534,2,0.0,0.0
output:887532,2,0.0,0.0
output:887529,2,0.0,0.0
output:887527,2,0.0,0.0
output:887551,2,0.0,0.0
output:887547,2,0.0,0.0
output:887545,2,0.0,0.0
output:887543,2,0.0,0.0
output:887540,2,0.0,0.0
output:887538,2,0.0,0.0
output:887536,2,0.0,0.0
output:701940,2,0.0,0.0
output:701941,2,0.0,0.0
output:701942,2,0.0,0.0
output:701943,2,0.0,0.0
output:701948,2,0.0,0.0
output:701949,2,0.0,0.0
output:701951,2,0.0,0.0
output:531056,2,0.0,0.0
output:701944,2,0.0,0.0
output:531063,2,0.0,0.0
output:701945,2,0.0,0.0
output:531062,2,0.0,0.0
output:531060,2,0.0,0.0
output:887829,2,0.0,0.0
output:887831,2,0.0,0.0
output:887826,2,0.0,0.0
output:221433,2,0.0,0.0
output:221439,2,0.0,0.0
output:221437,2,0.0,0.0
output:221436,2,0.0,0.0
output:221431,2,0.0,0.0
output:734675,2,0.0,0.0
output:734673,2,0.0,0.0
output:734672,2,0.0,0.0
output:221443,2,0.0,0.0
output:221442,2,0.0,0.0
output:221912,2,0.0,0.0
output:221909,2,0.0,0.0
output:221908,2,0.0,0.0
output:221911,2,0.0,0.0
output:221910,2,0.0,0.0
output:221905,2,0.0,0.0
output:221904,2,0.0,0.0
output:221907,2,0.0,0.0
output:221906,2,0.0,0.0
output:221901,2,0.0,0.0
output:221902,2,0.0,0.0
output:221897,2,0.0,0.0
output:221899,2,0.0,0.0
output:734969,2,0.0,0.0
output:734972,2,0.0,0.0
output:734963,2,0.0,0.0
output:734965,2,0.0,0.0
output:734954,2,0.0,0.0
output:734959,2,0.0,0.0
output:734946,2,0.0,0.0
output:734949,2,0.0,0.0
output:223191,2,0.0,0.0
output:223190,2,0.0,0.0
output:223189,2,0.0,0.0
output:223185,2,0.0,0.0
output:223199,2,0.0,0.0
output:223195,2,0.0,0.0
output:223205,2,0.0,0.0
output:223200,2,0.0,0.0
output:223201,2,0.0,0.0
output:223202,2,0.0,0.0
output:223203,2,0.0,0.0
output:645458,2,0.0,0.0
output:645459,2,0.0,0.0
output:645456,2,0.0,0.0
output:645457,2,0.0,0.0
output:645462,2,0.0,0.0
output:645463,2,0.0,0.0
output:645460,2,0.0,0.0
output:645461,2,0.0,0.0
output:645466,2,0.0,0.0
output:645467,2,0.0,0.0
output:645464,2,0.0,0.0
output:645465,2,0.0,0.0
output:645468,2,0.0,0.0
output:645469,2,0.0,0.0
output:666813,2,0.0,0.0
output:666803,2,0.0,0.0
output:666806,2,0.0,0.0
output:666795,2,0.0,0.0
output:666784,2,0.0,0.0
output:666790,2,0.0,0.0
output:666778,2,0.0,0.0
output:666780,2,0.0,0.0
output:666772,2,0.0,0.0
output:666774,2,0.0,0.0
output:666767,2,0.0,0.0
output:666877,2,0.0,0.0
output:666871,2,0.0,0.0
output:767601,2,0.0,0.0
output:666865,2,0.0,0.0
output:767595,2,0.0,0.0
output:666862,2,0.0,0.0
output:767594,2,0.0,0.0
output:767593,2,0.0,0.0
output:767592,2,0.0,0.0
output:767599,2,0.0,0.0
output:767597,2,0.0,0.0
output:767587,2,0.0,0.0
output:666854,2,0.0,0.0
output:767586,2,0.0,0.0
output:767585,2,0.0,0.0
output:767584,2,0.0,0.0
output:767591,2,0.0,0.0
output:666850,2,0.0,0.0
output:767590,2,0.0,0.0
output:767589,2,0.0,0.0
output:767588,2,0.0,0.0
output:767576,2,0.0,0.0
output:767577,2,0.0,0.0
output:666844,2,0.0,0.0
output:767578,2,0.0,0.0
output:767579,2,0.0,0.0
output:767580,2,0.0,0.0
output:666841,2,0.0,0.0
output:767581,2,0.0,0.0
output:767582,2,0.0,0.0
output:767583,2,0.0,0.0
output:767569,2,0.0,0.0
output:767570,2,0.0,0.0
output:767571,2,0.0,0.0
output:767572,2,0.0,0.0
output:767573,2,0.0,0.0
output:767574,2,0.0,0.0
output:767575,2,0.0,0.0
output:666834,2,0.0,0.0
output:666828,2,0.0,0.0
output:666829,2,0.0,0.0
output:666825,2,0.0,0.0
output:666821,2,0.0,0.0
output:666816,2,0.0,0.0
output:666818,2,0.0,0.0
output:666883,2,0.0,0.0
output:666885,2,0.0,0.0
output:666888,2,0.0,0.0
output:666894,2,0.0,0.0
output:644516,2,0.0,0.0
output:644517,2,0.0,0.0
output:644518,2,0.0,0.0
output:644519,2,0.0,0.0
output:644512,2,0.0,0.0
output:254492,2,0.0,0.0
output:644513,2,0.0,0.0
output:644514,2,0.0,0.0
output:644515,2,0.0,0.0
output:644524,2,0.0,0.0
output:644525,2,0.0,0.0
output:644520,2,0.0,0.0
output:644521,2,0.0,0.0
output:644522,2,0.0,0.0
output:644523,2,0.0,0.0
output:254523,2,0.0,0.0
output:254514,2,0.0,0.0
output:254518,2,0.0,0.0
output:644503,2,0.0,0.0
output:644502,2,0.0,0.0
output:644501,2,0.0,0.0
output:254505,2,0.0,0.0
output:644511,2,0.0,0.0
output:644510,2,0.0,0.0
output:644509,2,0.0,0.0
output:644508,2,0.0,0.0
output:644507,2,0.0,0.0
output:644506,2,0.0,0.0
output:644505,2,0.0,0.0
output:254501,2,0.0,0.0
output:644504,2,0.0,0.0
output:573944,2,0.0,0.0
output:573946,2,0.0,0.0
output:573948,2,0.0,0.0
output:735324,2,0.0,0.0
output:735321,2,0.0,0.0
output:735322,2,0.0,0.0
output:573484,2,0.0,0.0
output:735328,2,0.0,0.0
output:643907,2,0.0,0.0
output:643906,2,0.0,0.0
output:736082,2,0.0,0.0
output:736083,2,0.0,0.0
output:736080,2,0.0,0.0
output:736081,2,0.0,0.0
output:736085,2,0.0,0.0
output:573952,2,0.0,0.0
output:574193,2,0.0,0.0
output:1002178,2,0.0,0.0
output:1002177,2,0.0,0.0
output:1002157,2,0.0,0.0
output:1002155,2,0.0,0.0
output:1002165,2,0.0,0.0
output:1002160,2,0.0,0.0
output:1002172,2,0.0,0.0
output:1002175,2,0.0,0.0
output:1002168,2,0.0,0.0
output:252599,2,0.0,0.0
output:252645,2,0.0,0.0
output:252647,2,0.0,0.0
output:252642,2,0.0,0.0
output:252653,2,0.0,0.0
output:252659,2,0.0,0.0
output:252608,2,0.0,0.0
output:252622,2,0.0,0.0
output:252628,2,0.0,0.0
output:252632,2,0.0,0.0
output:252758,2,0.0,0.0
output:252754,2,0.0,0.0
output:303450,2,0.0,0.0
output:303453,2,0.0,0.0
output:303464,2,0.0,0.0
output:252146,2,0.0,0.0
output:303300,2,0.0,0.0
output:129606,2,0.0,0.0
output:129607,2,0.0,0.0
output:129605,2,0.0,0.0
output:253128,2,0.0,0.0
output:253146,2,0.0,0.0
output:253140,2,0.0,0.0
output:253163,2,0.0,0.0
output:253164,2,0.0,0.0
output:253156,2,0.0,0.0
output:253103,2,0.0,0.0
output:253097,2,0.0,0.0
output:253089,2,0.0,0.0
output:253114,2,0.0,0.0
output:304378,2,0.0,0.0
output:304373,2,0.0,0.0
output:304375,2,0.0,0.0
output:912769,2,0.0,0.0
output:912768,2,0.0,0.0
output:912771,2,0.0,0.0
output:912770,2,0.0,0.0
output:912773,2,0.0,0.0
output:912772,2,0.0,0.0
output:912775,2,0.0,0.0
output:912774,2,0.0,0.0
output:912777,2,0.0,0.0
output:912776,2,0.0,0.0
output:912778,2,0.0,0.0
output:912767,2,0.0,0.0
output:912766,2,0.0,0.0
output:912765,2,0.0,0.0
output:912764,2,0.0,0.0
output:912763,2,0.0,0.0
output:912762,2,0.0,0.0
output:912761,2,0.0,0.0
output:912760,2,0.0,0.0
output:912759,2,0.0,0.0
output:912758,2,0.0,0.0
output:912756,2,0.0,0.0
output:912755,2,0.0,0.0
output:912753,2,0.0,0.0
output:912752,2,0.0,0.0
output:912748,2,0.0,0.0
output:912749,2,0.0,0.0
output:912747,2,0.0,0.0
output:816841,2,0.0,0.0
output:816864,2,0.0,0.0
output:816815,2,0.0,0.0
output:816803,2,0.0,0.0
output:816826,2,0.0,0.0
output:27388,2,0.0,0.0
output:27390,2,0.0,0.0
output:27391,2,0.0,0.0
output:27379,2,0.0,0.0
output:27373,2,0.0,0.0
output:27372,2,0.0,0.0
output:921920,2,0.0,0.0
output:921921,2,0.0,0.0
output:921922,2,0.0,0.0
output:921923,2,0.0,0.0
output:27366,2,0.0,0.0
output:27360,2,0.0,0.0
output:27362,2,0.0,0.0
output:27356,2,0.0,0.0
output:27354,2,0.0,0.0
output:27348,2,0.0,0.0
output:27345,2,0.0,0.0
output:221125,2,0.0,0.0
output:27341,2,0.0,0.0
output:221126,2,0.0,0.0
output:221133,2,0.0,0.0
output:221135,2,0.0,0.0
output:221129,2,0.0,0.0
output:221130,2,0.0,0.0
output:921919,2,0.0,0.0
output:921918,2,0.0,0.0
output:921917,2,0.0,0.0
output:921916,2,0.0,0.0
output:921915,2,0.0,0.0
output:921914,2,0.0,0.0
output:921913,2,0.0,0.0
output:921912,2,0.0,0.0
output:921911,2,0.0,0.0
output:921910,2,0.0,0.0
output:921909,2,0.0,0.0
output:921908,2,0.0,0.0
output:921907,2,0.0,0.0
output:921906,2,0.0,0.0
output:921905,2,0.0,0.0
output:921904,2,0.0,0.0
output:921902,2,0.0,0.0
output:921903,2,0.0,0.0
output:921900,2,0.0,0.0
output:921901,2,0.0,0.0
output:27397,2,0.0,0.0
output:27403,2,0.0,0.0
output:27405,2,0.0,0.0
output:1001454,2,0.0,0.0
output:1001456,2,0.0,0.0
output:1001460,2,0.0,0.0
output:922326,2,0.0,0.0
output:922327,2,0.0,0.0
output:922330,2,0.0,0.0
output:922328,2,0.0,0.0
output:922329,2,0.0,0.0
output:411640,2,0.0,0.0
output:411641,2,0.0,0.0
output:411434,2,0.0,0.0
output:411432,2,0.0,0.0
output:411433,2,0.0,0.0
output:171392,2,0.0,0.0
output:171394,2,0.0,0.0
output:171395,2,0.0,0.0
output:171396,2,0.0,0.0
output:171397,2,0.0,0.0
output:171375,2,0.0,0.0
output:171382,2,0.0,0.0
output:171383,2,0.0,0.0
output:171380,2,0.0,0.0
output:171378,2,0.0,0.0
output:171379,2,0.0,0.0
output:171391,2,0.0,0.0
output:171388,2,0.0,0.0
output:171386,2,0.0,0.0
output:493278,2,0.0,0.0
output:493273,2,0.0,0.0
output:493268,2,0.0,0.0
output:493262,2,0.0,0.0
output:493259,2,0.0,0.0
output:493288,2,0.0,0.0
output:493283,2,0.0,0.0
output:492837,2,0.0,0.0
output:492845,2,0.0,0.0
output:492844,2,0.0,0.0
output:492851,2,0.0,0.0
output:492849,2,0.0,0.0
output:492858,2,0.0,0.0
output:492805,2,0.0,0.0
output:492802,2,0.0,0.0
output:492809,2,0.0,0.0
output:492822,2,0.0,0.0
output:492817,2,0.0,0.0
output:492819,2,0.0,0.0
output:492827,2,0.0,0.0
output:492925,2,0.0,0.0
output:492865,2,0.0,0.0
output:492866,2,0.0,0.0
output:492873,2,0.0,0.0
output:492877,2,0.0,0.0
output:492882,2,0.0,0.0
output:492888,2,0.0,0.0
output:492892,2,0.0,0.0
output:492894,2,0.0,0.0
output:492942,2,0.0,0.0
output:492936,2,0.0,0.0
output:492929,2,0.0,0.0
output:492950,2,0.0,0.0
output:967174,2,0.0,0.0
output:967191,2,0.0,0.0
output:967197,2,0.0,0.0
output:492728,2,0.0,0.0
output:492722,2,0.0,0.0
output:492716,2,0.0,0.0
output:492707,2,0.0,0.0
output:492792,2,0.0,0.0
output:492799,2,0.0,0.0
output:492784,2,0.0,0.0
output:492777,2,0.0,0.0
output:492780,2,0.0,0.0
output:492769,2,0.0,0.0
output:492760,2,0.0,0.0
output:492746,2,0.0,0.0
output:492751,2,0.0,0.0
output:492738,2,0.0,0.0
output:913576,2,0.0,0.0
output:913577,2,0.0,0.0
output:913578,2,0.0,0.0
output:913579,2,0.0,0.0
output:491820,2,0.0,0.0
output:491812,2,0.0,0.0
output:370445,2,0.0,0.0
output:370628,2,0.0,0.0
output:370629,2,0.0,0.0
output:370630,2,0.0,0.0
output:371158,2,0.0,0.0
output:337406,2,0.0,0.0
output:337411,2,0.0,0.0
output:337410,2,0.0,0.0
output:337408,2,0.0,0.0
output:61472,2,0.0,0.0
output:61471,2,0.0,0.0
output:61469,2,0.0,0.0
output:61466,2,0.0,0.0
output:61464,2,0.0,0.0
output:61463,2,0.0,0.0
output:61460,2,0.0,0.0
output:61461,2,0.0,0.0
output:61458,2,0.0,0.0
output:61456,2,0.0,0.0
output:61457,2,0.0,0.0
output:605718,2,0.0,0.0
output:337836,2,0.0,0.0
output:337837,2,0.0,0.0
output:605906,2,0.0,0.0
output:605909,2,0.0,0.0
output:669440,-1,-1.0,-1.0
output:175933,3,0.0,-1.0
output:175928,3,0.0,0.0
output:175938,3,0.0,0.0
output:175940,3,0.0,0.0
output:175947,3,0.0,0.0
output:175948,3,0.0,0.0
output:175956,3,0.0,0.0
output:606436,3,0.0,0.0
output:532052,3,0.0,0.0
output:532059,3,0.0,0.0
output:532062,3,0.0,0.0
output:532035,3,0.0,0.0
output:532043,3,0.0,0.0
output:532065,3,0.0,0.0
output:532070,3,0.0,0.0
output:532075,3,0.0,0.0
output:532017,3,0.0,0.0
output:532030,3,0.0,0.0
output:532024,3,0.0,0.0
output:221692,3,0.0,0.0
output:221712,3,0.0,0.0
output:221716,3,0.0,0.0
output:221719,3,0.0,0.0
output:221723,3,0.0,0.0
output:221696,3,0.0,0.0
output:221699,3,0.0,0.0
output:221701,3,0.0,0.0
output:221706,3,0.0,0.0
output:221708,3,0.0,0.0
output:221710,3,0.0,0.0
output:577145,3,0.0,0.0
output:627420,3,0.0,0.0
output:627423,3,0.0,0.0
output:627422,3,0.0,0.0
output:627434,3,0.0,0.0
output:627436,3,0.0,0.0
output:627425,3,0.0,0.0
output:627431,3,0.0,0.0
output:627428,3,0.0,0.0
output:627429,3,0.0,0.0
output:644336,3,0.0,0.0
output:644330,3,0.0,0.0
output:644331,3,0.0,0.0
output:644328,3,0.0,0.0
output:644329,3,0.0,0.0
output:644334,3,0.0,0.0
output:644335,3,0.0,0.0
output:644332,3,0.0,0.0
output:644333,3,0.0,0.0
output:130163,3,0.0,0.0
output:130165,3,0.0,0.0
output:130164,3,0.0,0.0
output:412272,3,0.0,0.0
output:412265,3,0.0,0.0
output:412266,3,0.0,0.0
output:412267,3,0.0,0.0
output:412268,3,0.0,0.0
output:412269,3,0.0,0.0
output:412270,3,0.0,0.0
output:412271,3,0.0,0.0
output:252251,3,0.0,0.0
output:252257,3,0.0,0.0
output:252262,3,0.0,0.0
output:253637,3,0.0,0.0
output:253632,3,0.0,0.0
output:253614,3,0.0,0.0
output:253629,3,0.0,0.0
output:253617,3,0.0,0.0
output:253619,3,0.0,0.0
output:495637,3,0.0,0.0
output:495635,3,0.0,0.0
output:495634,3,0.0,0.0
output:304269,3,0.0,0.0
output:304258,3,0.0,0.0
output:304285,3,0.0,0.0
output:304283,3,0.0,0.0
output:304277,3,0.0,0.0
output:304288,3,0.0,0.0
output:28515,3,0.0,0.0
output:28511,3,0.0,0.0
output:28510,3,0.0,0.0
output:28505,3,0.0,0.0
output:28501,3,0.0,0.0
output:28503,3,0.0,0.0
output:128995,3,0.0,0.0
output:492594,3,0.0,0.0
output:492605,3,0.0,0.0
output:492600,3,0.0,0.0
output:492582,3,0.0,0.0
output:492591,3,0.0,0.0
output:492572,3,0.0,0.0
output:492568,3,0.0,0.0
output:492657,3,0.0,0.0
output:492668,3,0.0,0.0
output:492670,3,0.0,0.0
output:492640,3,0.0,0.0
output:492648,3,0.0,0.0
output:492626,3,0.0,0.0
output:492634,3,0.0,0.0
output:492639,3,0.0,0.0
output:492613,3,0.0,0.0
output:492621,3,0.0,0.0
output:492678,3,0.0,0.0
output:492677,3,0.0,0.0
output:370679,3,0.0,0.0
output:792987,4,17.657024348447475,-1.0
output:888108,4,17.657024348447475,17.657024348447475
output:983071,4,17.657024348447475,17.657024348447475
output:983060,4,17.657024348447475,17.657024348447475
output:645395,4,17.657024348447475,17.657024348447475
output:60468,4,17.657024348447475,17.657024348447475
output:493950,4,17.657024348447475,17.657024348447475
output:493943,4,17.657024348447475,17.657024348447475
output:792672,5,0.0,-1.0
output:792667,5,0.0,0.0
output:792669,5,0.0,0.0
output:792668,5,0.0,0.0
output:792671,5,0.0,0.0
output:792670,5,0.0,0.0
output:855727,5,0.0,0.0
output:667272,5,0.0,0.0
output:667275,5,0.0,0.0
output:645068,5,0.0,0.0
output:891038,5,0.0,0.0
output:303912,5,0.0,0.0
output:60737,5,0.0,0.0
output:60742,5,0.0,0.0
output:252168,5,0.0,0.0
output:253495,5,0.0,0.0
output:770402,5,0.0,0.0
output:770403,5,0.0,0.0
output:770400,5,0.0,0.0
output:770401,5,0.0,0.0
output:770404,5,0.0,0.0
output:26902,5,0.0,0.0
output:26918,5,0.0,0.0
output:26920,5,0.0,0.0
output:371954,5,0.0,0.0
output:175789,-1,-1.0,-1.0
output:175836,-1,-1.0,-1.0
output:175820,-1,-1.0,-1.0
output:175823,6,0.0,-1.0
output:626528,6,0.0,0.0
output:626529,6,0.0,0.0
output:626523,6,0.0,0.0
output:626521,6,0.0,0.0
output:626527,6,0.0,0.0
output:626517,6,0.0,0.0
output:530765,6,0.0,0.0
output:224648,6,0.0,0.0
output:175666,-1,-1.0,-1.0
output:175656,-1,-1.0,-1.0
output:225311,-1,-1.0,-1.0
output:175692,-1,-1.0,-1.0
output:792717,7,0.0,-1.0
output:792716,7,0.0,0.0
output:792718,7,0.0,0.0
output:982845,7,0.0,0.0
output:255544,7,0.0,0.0
output:255550,7,0.0,0.0
output:912424,7,0.0,0.0
output:912420,7,0.0,0.0
output:912421,7,0.0,0.0
output:912422,7,0.0,0.0
output:912423,7,0.0,0.0
output:175532,-1,-1.0,-1.0
output:793416,-1,-1.0,-1.0
output:793414,8,0.0,-1.0
output:793408,8,0.0,0.0
output:793438,8,0.0,0.0
output:793427,8,0.0,0.0
output:793447,8,0.0,0.0
output:793400,8,0.0,0.0
output:702691,8,0.0,0.0
output:702689,8,0.0,0.0
output:173088,8,0.0,0.0
output:173078,8,0.0,0.0
output:173082,8,0.0,0.0
output:221612,8,0.0,0.0
output:221608,8,0.0,0.0
output:221610,8,0.0,0.0
output:644948,8,0.0,0.0
output:644946,8,0.0,0.0
output:644947,8,0.0,0.0
output:891160,8,0.0,0.0
output:224603,8,0.0,0.0
output:224604,8,0.0,0.0
output:252706,8,0.0,0.0
output:252709,8,0.0,0.0
output:253773,8,0.0,0.0
output:28609,8,0.0,0.0
output:28608,8,0.0,0.0
output:28611,8,0.0,0.0
output:28610,8,0.0,0.0
output:171726,8,0.0,0.0
output:171727,8,0.0,0.0
output:171724,8,0.0,0.0
output:937150,8,0.0,0.0
output:533571,8,0.0,0.0
output:914342,8,0.0,0.0
output:495580,8,0.0,0.0
output:495573,8,0.0,0.0
output:495562,8,0.0,0.0
output:62131,8,6.516804599879699,6.516804599879699
output:62130,8,6.516804599879699,6.516804599879699
output:175521,-1,-1.0,-1.0
output:175525,-1,-1.0,-1.0
output:175537,-1,-1.0,-1.0
output:175543,-1,-1.0,-1.0
output:226245,-1,-1.0,-1.0
output:175516,-1,-1.0,-1.0
output:175581,-1,-1.0,-1.0
output:175571,9,0.0,-1.0
output:175569,9,0.0,0.0
output:257451,9,0.0,0.0
output:645277,9,0.0,0.0
output:645276,9,0.0,0.0
output:645279,9,0.0,0.0
output:645278,9,0.0,0.0
output:26444,9,0.0,0.0
output:26445,9,0.0,0.0
output:492499,9,0.0,0.0
output:226133,-1,-1.0,-1.0
output:226129,-1,-1.0,-1.0
output:175284,-1,-1.0,-1.0
output:225996,-1,-1.0,-1.0
output:225995,-1,-1.0,-1.0
output:225994,-1,-1.0,-1.0
output:225968,-1,-1.0,-1.0
output:668743,-1,-1.0,-1.0
output:607626,-1,-1.0,-1.0
output:703958,-1,-1.0,-1.0
output:175188,-1,-1.0,-1.0
output:175173,-1,-1.0,-1.0
output:793917,-1,-1.0,-1.0
output:606756,-1,-1.0,-1.0
output:703028,-1,-1.0,-1.0
output:606838,-1,-1.0,-1.0
output:174990,-1,-1.0,-1.0
output:226761,10,0.0,-1.0
output:645918,10,0.0,0.0
output:626892,10,0.0,0.0
output:626890,10,0.0,0.0
output:412253,10,0.0,0.0
output:412252,10,0.0,0.0
output:25931,10,0.0,0.0
output:253943,10,0.0,0.0
output:171381,10,0.0,0.0
output:26317,10,9.039614436758363,9.039614436758363
output:626481,11,0.0,-1.0
output:626482,11,0.0,0.0
output:531713,11,0.0,0.0
output:531716,11,0.0,0.0
output:531726,11,0.0,0.0
output:531735,11,0.0,0.0
output:531737,11,0.0,0.0
output:172433,11,0.0,0.0
output:172439,11,0.0,0.0
output:172436,11,0.0,0.0
output:221352,11,0.0,0.0
output:222164,11,0.0,0.0
output:222120,11,0.0,0.0
output:222118,11,0.0,0.0
output:222119,11,0.0,0.0
output:223024,11,0.0,0.0
output:644813,11,0.0,0.0
output:644814,11,0.0,0.0
output:644815,11,0.0,0.0
output:644268,11,0.0,0.0
output:644269,11,0.0,0.0
output:644266,11,0.0,0.0
output:644267,11,0.0,0.0
output:573469,11,0.0,0.0
output:574191,11,0.0,0.0
output:574189,11,0.0,0.0
output:303874,11,0.0,0.0
output:411679,11,0.0,0.0
output:411678,11,0.0,0.0
output:26410,11,0.0,0.0
output:26408,11,0.0,0.0
output:26409,11,0.0,0.0
output:26407,11,0.0,0.0
output:303861,11,0.0,0.0
output:303869,11,0.0,0.0
output:25837,11,0.0,0.0
output:412202,11,0.0,0.0
output:412664,11,0.0,0.0
output:129599,11,0.0,0.0
output:492192,11,0.0,0.0
output:492197,11,0.0,0.0
output:337902,11,0.0,0.0
output:61770,11,0.0,0.0
output:61772,11,0.0,0.0
output:337831,11,0.0,0.0
output:337829,11,0.0,0.0
output:337832,11,0.0,0.0
output:28737,11,17.880215388456275,17.880215388456275
output:172443,11,-1.0,17.880215388456275
output:174984,-1,-1.0,-1.0
output:668587,-1,-1.0,-1.0
output:626659,-1,-1.0,-1.0
output:626643,12,0.0,-1.0
output:626646,12,0.0,0.0
output:626645,12,0.0,0.0
output:626650,12,0.0,0.0
output:626651,12,0.0,0.0
output:626648,12,0.0,0.0
output:226614,-1,-1.0,-1.0
output:174851,-1,-1.0,-1.0
output:174867,-1,-1.0,-1.0
output:855757,13,0.0,-1.0
output:667946,13,0.0,0.0
output:667950,13,0.0,0.0
output:702734,13,0.0,0.0
output:702732,13,0.0,0.0
output:172145,13,0.0,0.0
output:224095,13,0.0,0.0
output:61367,13,0.0,0.0
output:303799,13,0.0,0.0
output:303802,13,0.0,0.0
output:372734,13,0.0,0.0
output:372731,13,0.0,0.0
output:174802,-1,-1.0,-1.0
output:174786,-1,-1.0,-1.0
output:174798,-1,-1.0,-1.0
output:626264,14,0.0,-1.0
output:626263,14,0.0,0.0
output:173011,14,0.0,0.0
output:531668,14,0.0,0.0
output:221246,14,0.0,0.0
output:224290,14,0.0,0.0
output:224289,14,0.0,0.0
output:224286,14,0.0,0.0
output:573922,14,0.0,0.0
output:252834,14,0.0,0.0
output:252825,14,0.0,0.0
output:252830,14,0.0,0.0
output:61142,14,0.0,0.0
output:61143,14,0.0,0.0
output:60342,14,0.0,0.0
output:171472,14,0.0,0.0
output:171475,14,0.0,0.0
output:171568,14,0.0,0.0
output:61908,14,0.0,0.0
output:793709,-1,-1.0,-1.0
output:174774,-1,-1.0,-1.0
output:174779,-1,-1.0,-1.0
output:626205,-1,-1.0,-1.0
output:626410,-1,-1.0,-1.0
output:626408,-1,-1.0,-1.0
output:626412,-1,-1.0,-1.0
output:607106,15,0.0,-1.0
output:607105,15,0.0,0.0
output:646480,15,0.0,0.0
output:257823,15,0.0,0.0
output:257831,15,0.0,0.0
output:767729,15,0.0,0.0
output:767727,15,0.0,0.0
output:767725,15,0.0,0.0
output:626889,15,0.0,0.0
output:626887,15,0.0,0.0
output:912799,15,0.0,0.0
output:29288,15,0.0,0.0
output:494318,15,0.0,0.0
output:607110,-1,-1.0,-1.0
output:626349,16,0.0,-1.0
output:702754,16,0.0,0.0
output:702759,16,0.0,0.0
output:794241,16,0.0,0.0
output:530713,16,0.0,0.0
output:982331,16,0.0,0.0
output:982325,16,0.0,0.0
output:575725,16,0.0,0.0
output:666777,16,0.0,0.0
output:666771,16,0.0,0.0
output:254483,16,0.0,0.0
output:224681,16,0.0,0.0
output:666537,16,0.0,0.0
output:303022,16,0.0,0.0
output:735978,16,0.0,0.0
output:735977,16,0.0,0.0
output:304165,16,0.0,0.0
output:304161,16,0.0,0.0
output:26916,16,0.0,0.0
output:371951,16,0.0,0.0
output:371952,16,0.0,0.0
output:626347,-1,-1.0,-1.0
output:174631,17,0.0,-1.0
output:174628,17,0.0,0.0
output:174624,17,0.0,0.0
output:627220,17,0.0,0.0
output:627222,17,0.0,0.0
output:627223,17,0.0,0.0
output:627218,17,0.0,0.0
output:627225,17,0.0,0.0
output:627226,17,0.0,0.0
output:171172,17,0.0,0.0
output:171173,17,0.0,0.0
output:492511,17,0.0,0.0
output:492523,17,0.0,0.0
output:492528,17,0.0,0.0
output:606220,18,0.0,-1.0
output:606219,18,0.0,0.0
output:625704,18,0.0,0.0
output:625699,18,0.0,0.0
output:625702,18,0.0,0.0
output:625700,18,0.0,0.0
output:574123,18,0.0,0.0
output:574125,18,0.0,0.0
output:574119,18,0.0,0.0
output:574128,18,0.0,0.0
output:129191,18,0.0,0.0
output:495163,18,0.0,0.0
output:495167,18,0.0,0.0
output:495178,18,0.0,0.0
output:495176,18,0.0,0.0
output:495191,18,0.0,0.0
output:174590,-1,-1.0,-1.0
output:606253,-1,-1.0,-1.0
output:606280,19,0.0,-1.0
output:646656,19,0.0,0.0
output:646655,19,0.0,0.0
output:61023,19,0.0,0.0
output:29451,19,0.0,0.0
output:29450,19,0.0,0.0
output:29452,19,0.0,0.0
output:625982,-1,-1.0,-1.0
output:626079,-1,-1.0,-1.0
output:174393,-1,-1.0,-1.0
output:174399,-1,-1.0,-1.0
output:174387,-1,-1.0,-1.0
output:174386,-1,-1.0,-1.0
output:174391,-1,-1.0,-1.0
output:606459,-1,-1.0,-1.0
output:626080,-1,-1.0,-1.0
output:625774,-1,-1.0,-1.0
output:702921,-1,-1.0,-1.0
output:174186,-1,-1.0,-1.0
output:174180,-1,-1.0,-1.0
output:625895,20,0.0,-1.0
output:221683,20,0.0,0.0
output:646050,20,0.0,0.0
output:254034,20,0.0,0.0
output:254031,20,0.0,0.0
output:412318,20,0.0,0.0
output:171496,20,0.0,0.0
output:171495,20,0.0,0.0
output:62363,20,0.0,0.0
output:625892,21,0.0,-1.0
output:646048,21,0.0,0.0
output:576384,21,0.0,0.0
output:576382,21,0.0,0.0
output:129244,21,0.0,0.0
output:29132,21,0.0,0.0
output:29133,21,0.0,0.0
output:174135,-1,-1.0,-1.0
output:174112,-1,-1.0,-1.0
output:173894,-1,-1.0,-1.0
output:258178,22,0.0,-1.0
output:258169,22,0.0,0.0
output:530966,22,0.0,0.0
output:530962,22,0.0,0.0
output:530959,22,0.0,0.0
output:530949,22,0.0,0.0
output:574680,22,0.0,0.0
output:303489,22,0.0,0.0
output:31329,22,0.0,0.0
output:31330,22,0.0,0.0
output:173939,23,0.0,-1.0
output:222266,23,0.0,0.0
output:222262,23,0.0,0.0
output:257767,23,0.0,0.0
output:257777,23,0.0,0.0
output:131378,23,0.0,0.0
output:304135,23,0.0,0.0
output:27170,23,0.0,0.0
output:492880,23,0.0,0.0
output:173971,-1,-1.0,-1.0
output:530915,24,0.0,-1.0
output:888095,24,0.0,0.0
output:888090,24,0.0,0.0
output:888098,24,0.0,0.0
output:172499,24,0.0,0.0
output:172495,24,0.0,0.0
output:172492,24,0.0,0.0
output:222200,24,0.0,0.0
output:667228,24,0.0,0.0
output:667232,24,0.0,0.0
output:922908,24,0.0,0.0
output:27923,24,0.0,0.0
output:492975,24,0.0,0.0
output:492969,24,0.0,0.0
output:492961,24,0.0,0.0
output:491938,24,0.0,0.0
output:795223,24,0.0,0.0
output:705094,24,0.0,0.0
output:705097,24,0.0,0.0
output:530935,-1,-1.0,-1.0
output:530889,25,0.0,-1.0
output:646142,25,0.0,0.0
output:224979,25,0.0,0.0
output:412132,25,0.0,0.0
output:373606,25,0.0,0.0
output:493500,25,0.0,0.0
output:493495,25,0.0,0.0
output:171463,25,0.0,0.0
output:492436,25,0.0,0.0
output:31220,25,0.0,0.0
output:627551,25,10.584510841455863,10.584510841455863
output:258086,-1,-1.0,-1.0
output:258083,-1,-1.0,-1.0
output:173603,-1,-1.0,-1.0
output:173679,-1,-1.0,-1.0
output:173710,26,0.0,-1.0
output:173712,26,0.0,0.0
output:28597,26,0.0,0.0
output:533832,26,0.0,0.0
output:370310,26,0.0,0.0
output:371051,26,0.0,0.0
output:371050,26,0.0,0.0
output:371049,26,0.0,0.0
output:371048,26,0.0,0.0
output:371047,26,0.0,0.0
output:371046,26,0.0,0.0
output:371045,26,0.0,0.0
output:173719,-1,-1.0,-1.0
output:173758,-1,-1.0,-1.0
output:530624,27,0.0,-1.0
output:627957,27,0.0,0.0
output:627956,27,0.0,0.0
output:627955,27,0.0,0.0
output:627954,27,0.0,0.0
output:627953,27,0.0,0.0
output:627952,27,0.0,0.0
output:627943,27,0.0,0.0
output:627950,27,0.0,0.0
output:627951,27,0.0,0.0
output:627948,27,0.0,0.0
output:627945,27,0.0,0.0
output:496252,27,0.0,0.0
output:496248,27,0.0,0.0
output:496241,27,0.0,0.0
output:496236,27,0.0,0.0
output:496237,27,0.0,0.0
output:496239,27,0.0,0.0
output:496232,27,0.0,0.0
output:496221,27,0.0,0.0
output:496212,27,0.0,0.0
output:337385,27,0.0,0.0
output:173823,-1,-1.0,-1.0
output:173345,-1,-1.0,-1.0
output:887104,-1,-1.0,-1.0
output:173350,-1,-1.0,-1.0
output:173340,-1,-1.0,-1.0
output:173315,-1,-1.0,-1.0
output:173319,-1,-1.0,-1.0
output:173325,-1,-1.0,-1.0
output:531301,-1,-1.0,-1.0
output:531321,-1,-1.0,-1.0
output:173378,-1,-1.0,-1.0
output:258657,-1,-1.0,-1.0
output:671156,28,0.0,-1.0
output:671158,28,0.0,0.0
output:767039,28,0.0,0.0
output:857838,28,0.0,0.0
output:857835,28,0.0,0.0
output:857830,28,0.0,0.0
output:225113,28,0.0,0.0
output:255560,28,0.0,0.0
output:493954,28,0.0,0.0
output:493947,28,0.0,0.0
output:173547,-1,-1.0,-1.0
output:259049,-1,-1.0,-1.0
output:530945,29,0.0,-1.0
output:223196,29,0.0,0.0
output:574364,29,0.0,0.0
output:303960,29,0.0,0.0
output:303957,29,0.0,0.0
output:492091,29,0.0,0.0
output:61677,29,0.0,0.0
output:530996,-1,-1.0,-1.0
output:173072,30,0.0,-1.0
output:173075,30,0.0,0.0
output:173081,30,0.0,0.0
output:257865,30,0.0,0.0
output:645312,30,0.0,0.0
output:645313,30,0.0,0.0
output:645314,30,0.0,0.0
output:645315,30,0.0,0.0
output:645316,30,0.0,0.0
output:645317,30,0.0,0.0
output:61184,30,0.0,0.0
output:252378,30,0.0,0.0
output:494428,30,0.0,0.0
output:494463,30,0.0,0.0
output:494455,30,0.0,0.0
output:494445,30,0.0,0.0
output:494437,30,0.0,0.0
output:371976,30,0.0,0.0
output:173169,-1,-1.0,-1.0
output:531065,-1,-1.0,-1.0
output:173281,-1,-1.0,-1.0
output:173276,-1,-1.0,-1.0
output:531714,-1,-1.0,-1.0
output:531723,-1,-1.0,-1.0
output:531729,-1,-1.0,-1.0
output:531950,-1,-1.0,-1.0
output:173014,31,0.0,-1.0
output:173012,31,0.0,0.0
output:172993,31,0.0,0.0
output:173001,31,0.0,0.0
output:173005,31,0.0,0.0
output:371683,31,0.0,0.0
output:531940,-1,-1.0,-1.0
output:531937,32,0.0,-1.0
output:221816,32,0.0,0.0
output:221817,32,0.0,0.0
output:252633,32,0.0,0.0
output:304607,32,0.0,0.0
output:27733,32,0.0,0.0
output:27732,32,0.0,0.0
output:371314,32,0.0,0.0
output:61492,32,0.0,0.0
output:61494,32,0.0,0.0
output:61491,32,0.0,0.0
output:531939,-1,-1.0,-1.0
output:888787,-1,-1.0,-1.0
output:172974,-1,-1.0,-1.0
output:531568,-1,-1.0,-1.0
output:531563,-1,-1.0,-1.0
output:670289,-1,-1.0,-1.0
output:670283,-1,-1.0,-1.0
output:172763,-1,-1.0,-1.0
output:172698,-1,-1.0,-1.0
output:531601,-1,-1.0,-1.0
output:172726,-1,-1.0,-1.0
output:172400,-1,-1.0,-1.0
output:532226,-1,-1.0,-1.0
output:259826,-1,-1.0,-1.0
output:172314,33,0.0,-1.0
output:172304,33,0.0,0.0
output:172311,33,0.0,0.0
output:172309,33,0.0,0.0
output:221580,33,0.0,0.0
output:645806,33,0.0,0.0
output:645807,33,0.0,0.0
output:645811,33,0.0,0.0
output:645810,33,0.0,0.0
output:645809,33,0.0,0.0
output:645808,33,0.0,0.0
output:645812,33,0.0,0.0
output:575800,33,0.0,0.0
output:223277,33,0.0,0.0
output:644218,33,0.0,0.0
output:644216,33,0.0,0.0
output:644217,33,0.0,0.0
output:254952,33,0.0,0.0
output:302604,33,0.0,0.0
output:411868,33,0.0,0.0
output:411869,33,0.0,0.0
output:61338,33,0.0,0.0
output:61339,33,0.0,0.0
output:26424,33,0.0,0.0
output:26419,33,0.0,0.0
output:26422,33,0.0,0.0
output:26421,33,0.0,0.0
output:252818,33,0.0,0.0
output:252822,33,0.0,0.0
output:60780,33,0.0,0.0
output:496903,33,0.0,0.0
output:492991,33,0.0,0.0
output:493038,33,0.0,0.0
output:493027,33,0.0,0.0
output:493049,33,0.0,0.0
output:493043,33,0.0,0.0
output:493005,33,0.0,0.0
output:492999,33,0.0,0.0
output:493018,33,0.0,0.0
output:493013,33,0.0,0.0
output:370340,33,0.0,0.0
output:172291,34,11.746686366432632,-1.0
output:172287,34,11.746686366432632,11.746686366432632
output:496367,34,11.746686366432632,11.746686366432632
output:221258,34,0.0,11.746686366432632
output:645742,34,0.0,0.0
output:645741,34,0.0,0.0
output:492823,34,0.0,0.0
output:492829,34,0.0,0.0
output:62725,34,0.0,0.0
output:172294,-1,-1.0,-1.0
output:172293,35,0.0,-1.0
output:646826,35,0.0,0.0
output:646825,35,0.0,0.0
output:222769,35,0.0,0.0
output:222772,35,0.0,0.0
output:492111,35,0.0,0.0
output:62966,35,0.0,0.0
output:62965,35,0.0,0.0
output:31293,35,0.0,0.0
output:532446,-1,-1.0,-1.0
output:792328,-1,-1.0,-1.0
output:172503,-1,-1.0,-1.0
output:670191,-1,-1.0,-1.0
output:172480,-1,-1.0,-1.0
output:172467,36,11.039875953562438,-1.0
output:172461,36,11.039875953562438,11.039875953562438
output:221207,36,11.039875953562438,11.039875953562438
output:222043,36,11.039875953562438,11.039875953562438
output:61393,36,11.039875953562438,11.039875953562438
output:645859,36,11.039875953562438,11.039875953562438
output:494566,36,11.039875953562438,11.039875953562438
output:494569,36,11.039875953562438,11.039875953562438
output:172473,-1,-1.0,-1.0
output:172477,-1,-1.0,-1.0
output:532383,37,0.0,-1.0
output:532378,37,0.0,0.0
output:172152,37,0.0,0.0
output:172146,37,0.0,0.0
output:172163,37,0.0,0.0
output:574948,37,0.0,0.0
output:644883,37,0.0,0.0
output:644884,37,0.0,0.0
output:254640,37,0.0,0.0
output:254651,37,0.0,0.0
output:411908,37,0.0,0.0
output:306466,37,0.0,0.0
output:491927,37,0.0,0.0
output:61958,37,0.0,0.0
output:172418,-1,-1.0,-1.0
output:172420,-1,-1.0,-1.0
output:792205,-1,-1.0,-1.0
output:172135,38,0.0,-1.0
output:574113,38,0.0,0.0
output:574108,38,0.0,0.0
output:29812,38,0.0,0.0
output:494977,38,0.0,0.0
output:494963,38,0.0,0.0
output:494965,38,0.0,0.0
output:494971,38,0.0,0.0
output:172118,-1,-1.0,-1.0
output:172075,-1,-1.0,-1.0
output:531975,-1,-1.0,-1.0
output:172258,39,0.0,-1.0
output:172229,39,0.0,0.0
output:172237,39,0.0,0.0
output:172235,39,0.0,0.0
output:172245,39,0.0,0.0
output:172253,39,0.0,0.0
output:172255,39,0.0,0.0
output:221609,39,0.0,0.0
output:221605,39,0.0,0.0
output:221606,39,0.0,0.0
output:61075,39,0.0,0.0
output:61076,39,0.0,0.0
output:61077,39,0.0,0.0
output:27439,39,0.0,0.0
output:27440,39,0.0,0.0
output:307351,39,0.0,0.0
output:172278,-1,-1.0,-1.0
output:887961,40,0.0,-1.0
output:65825,40,0.0,0.0
output:65827,40,0.0,0.0
output:65832,40,0.0,0.0
output:857733,40,0.0,0.0
output:857724,40,0.0,0.0
output:130273,40,0.0,0.0
output:130272,40,0.0,0.0
output:130274,40,0.0,0.0
output:28038,40,0.0,0.0
output:532166,-1,-1.0,-1.0
output:532216,-1,-1.0,-1.0
output:172194,-1,-1.0,-1.0
output:172176,-1,-1.0,-1.0
output:172178,-1,-1.0,-1.0
output:889537,-1,-1.0,-1.0
output:221365,-1,-1.0,-1.0
output:221334,-1,-1.0,-1.0
output:221272,41,0.0,-1.0
output:223092,41,0.0,0.0
output:223090,41,0.0,0.0
output:412609,41,0.0,0.0
output:412631,41,0.0,0.0
output:412648,41,0.0,0.0
output:412577,41,0.0,0.0
output:412593,41,0.0,0.0
output:27055,41,0.0,0.0
output:27054,41,0.0,0.0
output:27053,41,0.0,0.0
output:27052,41,0.0,0.0
output:27051,41,0.0,0.0
output:27057,41,0.0,0.0
output:66247,-1,-1.0,-1.0
output:221546,-1,-1.0,-1.0
output:221528,42,0.0,-1.0
output:221884,42,0.0,0.0
output:626824,42,0.0,0.0
output:644310,42,0.0,0.0
output:224859,42,0.0,0.0
output:224865,42,0.0,0.0
output:60949,42,0.0,0.0
output:26561,42,0.0,0.0
output:26560,42,0.0,0.0
output:26562,42,0.0,0.0
output:492653,42,0.0,0.0
output:534877,42,0.0,0.0
output:534881,42,0.0,0.0
output:494227,42,0.0,0.0
output:769586,-1,-1.0,-1.0
output:221923,43,0.0,-1.0
output:575396,43,0.0,0.0
output:626992,43,0.0,0.0
output:626994,43,0.0,0.0
output:176291,43,0.0,0.0
output:252556,43,0.0,0.0
output:303620,43,0.0,0.0
output:303730,43,0.0,0.0
output:303572,43,0.0,0.0
output:303580,43,0.0,0.0
output:303603,43,0.0,0.0
output:303615,43,0.0,0.0
output:303588,43,0.0,0.0
output:303596,43,0.0,0.0
output:129340,43,0.0,0.0
output:495886,43,0.0,0.0
output:27593,43,0.0,0.0
output:27594,43,0.0,0.0
output:171481,43,0.0,0.0
output:370674,43,0.0,0.0
output:370880,43,0.0,0.0
output:370881,43,0.0,0.0
output:371505,43,0.0,0.0
output:534662,43,0.0,0.0
output:534665,43,0.0,0.0
output:605989,43,0.0,0.0
output:646276,44,0.0,-1.0
output:646277,44,0.0,0.0
output:646278,44,0.0,0.0
output:646279,44,0.0,0.0
output:646272,44,0.0,0.0
output:646273,44,0.0,0.0
output:646274,44,0.0,0.0
output:646275,44,0.0,0.0
output:646280,44,0.0,0.0
output:646281,44,0.0,0.0
output:646282,44,0.0,0.0
output:646270,44,0.0,0.0
output:646271,44,0.0,0.0
output:646269,44,0.0,0.0
output:222584,44,0.0,0.0
output:222581,44,0.0,0.0
output:222582,44,0.0,0.0
output:132544,44,0.0,0.0
output:28226,44,0.0,0.0
output:28225,44,0.0,0.0
output:493535,44,0.0,0.0
output:493528,44,0.0,0.0
output:493525,44,0.0,0.0
output:493544,44,0.0,0.0
output:493539,44,0.0,0.0
output:646289,-1,-1.0,-1.0
output:221761,-1,-1.0,-1.0
output:256972,45,0.0,-1.0
output:256970,45,0.0,0.0
output:644904,45,0.0,0.0
output:493139,45,0.0,0.0
output:493131,45,0.0,0.0
output:605860,45,0.0,0.0
output:605861,45,0.0,0.0
output:221771,-1,-1.0,-1.0
output:221770,-1,-1.0,-1.0
output:646209,-1,-1.0,-1.0
output:257016,46,0.0,-1.0
output:129138,46,0.0,0.0
output:171734,46,0.0,0.0
output:30169,46,0.0,0.0
output:61787,46,0.0,0.0
output:61788,46,0.0,0.0
output:61789,46,0.0,0.0
output:61790,46,0.0,0.0
output:61791,46,0.0,0.0
output:221805,47,0.0,-1.0
output:221802,47,0.0,0.0
output:646484,47,0.0,0.0
output:221982,47,0.0,0.0
output:224670,47,0.0,0.0
output:224668,47,0.0,0.0
output:302817,47,0.0,0.0
output:252549,47,0.0,0.0
output:303423,47,0.0,0.0
output:303417,47,0.0,0.0
output:303428,47,0.0,0.0
output:252145,47,0.0,0.0
output:412331,47,0.0,0.0
output:253857,47,0.0,0.0
output:253855,47,0.0,0.0
output:304180,47,0.0,0.0
output:371148,47,0.0,0.0
output:371150,47,0.0,0.0
output:371151,47,0.0,0.0
output:221749,48,0.0,-1.0
output:646540,48,0.0,0.0
output:646538,48,0.0,0.0
output:646539,48,0.0,0.0
output:646537,48,0.0,0.0
output:224575,48,0.0,0.0
output:224577,48,0.0,0.0
output:224580,48,0.0,0.0
output:495118,48,0.0,0.0
output:256630,-1,-1.0,-1.0
output:222106,-1,-1.0,-1.0
output:222108,-1,-1.0,-1.0
output:222100,-1,-1.0,-1.0
output:646555,-1,-1.0,-1.0
output:222117,-1,-1.0,-1.0
output:646515,-1,-1.0,-1.0
output:256732,-1,-1.0,-1.0
output:256728,-1,-1.0,-1.0
output:256738,-1,-1.0,-1.0
output:256744,-1,-1.0,-1.0
output:66003,-1,-1.0,-1.0
output:222387,-1,-1.0,-1.0
output:645815,-1,-1.0,-1.0
output:257396,-1,-1.0,-1.0
output:222431,-1,-1.0,-1.0
output:222406,-1,-1.0,-1.0
output:222271,49,0.0,-1.0
output:222275,49,0.0,0.0
output:222274,49,0.0,0.0
output:29093,49,0.0,0.0
output:29088,49,0.0,0.0
output:61659,49,0.0,0.0
output:645639,-1,-1.0,-1.0
output:645669,50,0.0,-1.0
output:645668,50,0.0,0.0
output:129501,50,0.0,0.0
output:64098,50,0.0,0.0
output:495201,50,0.0,0.0
output:495211,50,0.0,0.0
output:371953,50,0.0,0.0
output:606122,50,0.0,0.0
output:222211,-1,-1.0,-1.0
output:222316,-1,-1.0,-1.0
output:804922,-1,-1.0,-1.0
output:575842,-1,-1.0,-1.0
output:222286,-1,-1.0,-1.0
output:222279,-1,-1.0,-1.0
output:222615,-1,-1.0,-1.0
output:222612,-1,-1.0,-1.0
output:768280,51,0.0,-1.0
output:768281,51,0.0,0.0
output:804506,51,0.0,0.0
output:857125,51,0.0,0.0
output:857122,51,0.0,0.0
output:735914,51,0.0,0.0
output:575506,-1,-1.0,-1.0
output:222497,-1,-1.0,-1.0
output:222491,-1,-1.0,-1.0
output:222489,-1,-1.0,-1.0
output:222486,-1,-1.0,-1.0
output:645989,-1,-1.0,-1.0
output:645991,-1,-1.0,-1.0
output:645990,-1,-1.0,-1.0
output:645368,-1,-1.0,-1.0
output:645367,-1,-1.0,-1.0
output:645321,-1,-1.0,-1.0
output:889917,-1,-1.0,-1.0
output:768750,-1,-1.0,-1.0
output:222749,-1,-1.0,-1.0
output:645175,-1,-1.0,-1.0
output:645124,-1,-1.0,-1.0
output:222760,-1,-1.0,-1.0
output:576277,-1,-1.0,-1.0
output:222840,-1,-1.0,-1.0
output:223129,-1,-1.0,-1.0
output:223133,-1,-1.0,-1.0
output:257570,52,0.0,-1.0
output:574009,52,0.0,0.0
output:574012,52,0.0,0.0
output:62062,52,0.0,0.0
output:62068,52,0.0,0.0
output:62069,52,0.0,0.0
output:62064,52,0.0,0.0
output:62066,52,0.0,0.0
output:223138,-1,-1.0,-1.0
output:223141,-1,-1.0,-1.0
output:223142,-1,-1.0,-1.0
output:645568,-1,-1.0,-1.0
output:645574,-1,-1.0,-1.0
output:645409,-1,-1.0,-1.0
output:645410,-1,-1.0,-1.0
output:223015,-1,-1.0,-1.0
output:223085,-1,-1.0,-1.0
output:254432,-1,-1.0,-1.0
output:254410,-1,-1.0,-1.0
output:254423,-1,-1.0,-1.0
output:574828,-1,-1.0,-1.0
output:223252,-1,-1.0,-1.0
output:223253,-1,-1.0,-1.0
output:254365,-1,-1.0,-1.0
output:223471,-1,-1.0,-1.0
output:254319,-1,-1.0,-1.0
output:254328,-1,-1.0,-1.0
output:644802,-1,-1.0,-1.0
output:644803,-1,-1.0,-1.0
output:223404,-1,-1.0,-1.0
output:223405,-1,-1.0,-1.0
output:254211,-1,-1.0,-1.0
output:767089,-1,-1.0,-1.0
output:254233,-1,-1.0,-1.0
output:254204,-1,-1.0,-1.0
output:574570,53,0.0,-1.0
output:574586,53,0.0,0.0
output:573810,53,0.0,0.0
output:573807,53,0.0,0.0
output:303876,53,0.0,0.0
output:303842,53,0.0,0.0
output:303848,53,0.0,0.0
output:303863,53,0.0,0.0
output:303857,53,0.0,0.0
output:303864,53,0.0,0.0
output:26886,53,1.972902071566707,1.972902071566707
output:223575,-1,-1.0,-1.0
output:627621,54,18.472726115515385,-1.0
output:64203,54,18.472726115515385,18.472726115515385
output:60865,54,18.472726115515385,18.472726115515385
output:495939,54,18.472726115515385,18.472726115515385
output:26997,54,18.472726115515385,18.472726115515385
output:533158,54,18.472726115515385,18.472726115515385
output:533162,54,18.472726115515385,18.472726115515385
output:223555,-1,-1.0,-1.0
output:644989,-1,-1.0,-1.0
output:644987,-1,-1.0,-1.0
output:627632,55,0.0,-1.0
output:627635,55,0.0,0.0
output:627634,55,0.0,0.0
output:26250,55,0.0,0.0
output:26239,55,0.0,0.0
output:493728,55,0.0,0.0
output:64513,55,6.612304637193208,6.612304637193208
output:64510,55,6.612304637193208,6.612304637193208
output:856723,-1,-1.0,-1.0
output:223549,-1,-1.0,-1.0
output:644905,-1,-1.0,-1.0
output:223511,-1,-1.0,-1.0
output:767470,-1,-1.0,-1.0
output:644901,-1,-1.0,-1.0
output:223492,-1,-1.0,-1.0
output:627708,-1,-1.0,-1.0
output:645081,-1,-1.0,-1.0
output:223682,56,0.0,-1.0
output:223686,56,0.0,0.0
output:223685,56,0.0,0.0
output:493107,56,0.0,0.0
output:493113,56,0.0,0.0
output:493120,56,0.0,0.0
output:223687,-1,-1.0,-1.0
output:574716,-1,-1.0,-1.0
output:627535,-1,-1.0,-1.0
output:223664,-1,-1.0,-1.0
output:627533,-1,-1.0,-1.0
output:223663,-1,-1.0,-1.0
output:223658,-1,-1.0,-1.0
output:575317,-1,-1.0,-1.0
output:575310,-1,-1.0,-1.0
output:626942,-1,-1.0,-1.0
output:254873,-1,-1.0,-1.0
output:575486,-1,-1.0,-1.0
output:224082,-1,-1.0,-1.0
output:767917,-1,-1.0,-1.0
output:961588,-1,-1.0,-1.0
output:961779,-1,-1.0,-1.0
output:626944,-1,-1.0,-1.0
output:961729,-1,-1.0,-1.0
output:627040,-1,-1.0,-1.0
output:224296,-1,-1.0,-1.0
output:573772,-1,-1.0,-1.0
output:255437,-1,-1.0,-1.0
output:573821,57,0.0,-1.0
output:573804,57,0.0,0.0
output:26158,57,0.0,0.0
output:26144,57,0.0,0.0
output:26151,57,0.0,0.0
output:26171,57,0.0,0.0
output:26167,57,0.0,0.0
output:26127,57,0.0,0.0
output:26115,57,0.0,0.0
output:26132,57,0.0,0.0
output:26219,57,0.0,0.0
output:26212,57,0.0,0.0
output:26238,57,0.0,0.0
output:26232,57,0.0,0.0
output:26227,57,0.0,0.0
output:26189,57,0.0,0.0
output:26187,57,0.0,0.0
output:26181,57,0.0,0.0
output:26204,57,0.0,0.0
output:26203,57,0.0,0.0
output:26199,57,0.0,0.0
output:26193,57,0.0,0.0
output:26192,57,0.0,0.0
output:338014,57,0.0,0.0
output:493103,57,0.0,0.0
output:492968,57,0.0,0.0
output:492544,57,0.0,0.0
output:492610,57,0.0,0.0
output:492241,57,0.0,0.0
output:492254,57,0.0,0.0
output:492251,57,0.0,0.0
output:492248,57,0.0,0.0
output:492226,57,0.0,0.0
output:492232,57,0.0,0.0
output:492260,57,0.0,0.0
output:370566,57,0.0,0.0
output:491924,57,0.0,0.0
output:337517,57,0.0,0.0
output:255268,-1,-1.0,-1.0
output:573847,-1,-1.0,-1.0
output:926226,-1,-1.0,-1.0
output:255247,-1,-1.0,-1.0
output:176804,-1,-1.0,-1.0
output:176800,-1,-1.0,-1.0
output:255309,-1,-1.0,-1.0
output:224566,-1,-1.0,-1.0
output:224626,-1,-1.0,-1.0
output:255215,-1,-1.0,-1.0
output:224620,-1,-1.0,-1.0
output:666393,-1,-1.0,-1.0
output:224599,-1,-1.0,-1.0
output:255168,-1,-1.0,-1.0
output:224583,-1,-1.0,-1.0
output:573564,-1,-1.0,-1.0
output:255024,-1,-1.0,-1.0
output:255010,-1,-1.0,-1.0
output:255001,-1,-1.0,-1.0
output:644031,-1,-1.0,-1.0
output:224653,-1,-1.0,-1.0
output:627947,-1,-1.0,-1.0
output:176139,-1,-1.0,-1.0
output:176152,-1,-1.0,-1.0
output:574310,-1,-1.0,-1.0
output:302795,-1,-1.0,-1.0
output:176144,-1,-1.0,-1.0
output:255958,-1,-1.0,-1.0
output:176148,-1,-1.0,-1.0
output:176168,-1,-1.0,-1.0
output:176163,-1,-1.0,-1.0
output:736020,-1,-1.0,-1.0
output:736019,-1,-1.0,-1.0
output:766576,-1,-1.0,-1.0
output:176339,-1,-1.0,-1.0
output:176376,-1,-1.0,-1.0
output:255808,-1,-1.0,-1.0
output:176265,-1,-1.0,-1.0
output:176266,-1,-1.0,-1.0
output:225002,-1,-1.0,-1.0
output:225003,-1,-1.0,-1.0
output:176308,-1,-1.0,-1.0
output:225021,-1,-1.0,-1.0
output:176312,-1,-1.0,-1.0
output:225019,-1,-1.0,-1.0
output:255656,-1,-1.0,-1.0
output:255661,-1,-1.0,-1.0
output:255648,-1,-1.0,-1.0
output:628188,-1,-1.0,-1.0
output:225106,-1,-1.0,-1.0
output:225107,-1,-1.0,-1.0
output:255683,-1,-1.0,-1.0
output:176420,-1,-1.0,-1.0
output:735980,-1,-1.0,-1.0
output:225244,-1,-1.0,-1.0
output:26277,-1,-1.0,-1.0
output:130083,-1,-1.0,-1.0
output:130108,-1,-1.0,-1.0
output:26297,-1,-1.0,-1.0
output:26299,-1,-1.0,-1.0
output:26301,-1,-1.0,-1.0
output:130107,-1,-1.0,-1.0
output:130106,-1,-1.0,-1.0
output:26246,-1,-1.0,-1.0
output:61192,-1,-1.0,-1.0
output:26249,-1,-1.0,-1.0
output:26264,-1,-1.0,-1.0
output:26265,-1,-1.0,-1.0
output:372739,-1,-1.0,-1.0
output:497164,-1,-1.0,-1.0
output:497276,-1,-1.0,-1.0
output:303989,-1,-1.0,-1.0
output:497272,-1,-1.0,-1.0
output:130133,-1,-1.0,-1.0
output:61348,-1,-1.0,-1.0
output:26126,-1,-1.0,-1.0
output:497283,-1,-1.0,-1.0
output:61332,-1,-1.0,-1.0
output:411811,-1,-1.0,-1.0
output:411803,-1,-1.0,-1.0
output:372947,-1,-1.0,-1.0
output:132471,-1,-1.0,-1.0
output:132470,-1,-1.0,-1.0
output:60991,-1,-1.0,-1.0
output:60969,-1,-1.0,-1.0
output:60970,-1,-1.0,-1.0
output:60971,-1,-1.0,-1.0
output:60946,-1,-1.0,-1.0
output:1002467,-1,-1.0,-1.0
output:130312,-1,-1.0,-1.0
output:61055,-1,-1.0,-1.0
output:26604,-1,-1.0,-1.0
output:411965,-1,-1.0,-1.0
output:252853,-1,-1.0,-1.0
output:61056,-1,-1.0,-1.0
output:26375,-1,-1.0,-1.0
output:130521,-1,-1.0,-1.0
output:373186,-1,-1.0,-1.0
output:412035,-1,-1.0,-1.0
output:26440,-1,-1.0,-1.0
output:412241,-1,-1.0,-1.0
output:1001705,-1,-1.0,-1.0
output:496695,-1,-1.0,-1.0
output:130595,-1,-1.0,-1.0
output:60779,-1,-1.0,-1.0
output:130703,-1,-1.0,-1.0
output:130702,-1,-1.0,-1.0
output:130701,-1,-1.0,-1.0
output:60811,-1,-1.0,-1.0
output:60881,-1,-1.0,-1.0
output:412337,-1,-1.0,-1.0
output:60920,-1,-1.0,-1.0
output:26038,-1,-1.0,-1.0
output:26039,-1,-1.0,-1.0
output:26047,-1,-1.0,-1.0
output:60478,-1,-1.0,-1.0
output:132966,-1,-1.0,-1.0
output:373596,-1,-1.0,-1.0
output:737653,-1,-1.0,-1.0
output:373612,-1,-1.0,-1.0
output:60539,-1,-1.0,-1.0
output:26087,-1,-1.0,-1.0
output:252258,-1,-1.0,-1.0
output:252292,-1,-1.0,-1.0
output:60558,-1,-1.0,-1.0
output:60630,-1,-1.0,-1.0
output:131121,-1,-1.0,-1.0
output:131123,-1,-1.0,-1.0
output:496226,-1,-1.0,-1.0
output:496215,-1,-1.0,-1.0
output:496213,-1,-1.0,-1.0
output:129093,-1,-1.0,-1.0
output:253675,-1,-1.0,-1.0
output:60394,-1,-1.0,-1.0
output:496336,-1,-1.0,-1.0
output:253640,-1,-1.0,-1.0
output:253658,-1,-1.0,-1.0
output:253623,-1,-1.0,-1.0
output:129154,-1,-1.0,-1.0
output:496270,-1,-1.0,-1.0
output:374127,-1,-1.0,-1.0
output:304712,-1,-1.0,-1.0
output:253787,-1,-1.0,-1.0
output:496433,-1,-1.0,-1.0
output:131414,-1,-1.0,-1.0
output:496412,-1,-1.0,-1.0
output:304894,-1,-1.0,-1.0
output:253926,-1,-1.0,-1.0
output:496592,-1,-1.0,-1.0
output:496604,-1,-1.0,-1.0
output:374188,-1,-1.0,-1.0
output:304812,-1,-1.0,-1.0
output:496517,-1,-1.0,-1.0
output:131533,-1,-1.0,-1.0
output:131534,-1,-1.0,-1.0
output:304471,-1,-1.0,-1.0
output:129551,-1,-1.0,-1.0
output:495661,-1,-1.0,-1.0
output:495652,-1,-1.0,-1.0
output:304586,-1,-1.0,-1.0
output:129763,-1,-1.0,-1.0
output:129689,-1,-1.0,-1.0
output:253104,-1,-1.0,-1.0
output:304139,-1,-1.0,-1.0
output:304145,-1,-1.0,-1.0
output:130007,-1,-1.0,-1.0
output:129989,-1,-1.0,-1.0
output:131972,-1,-1.0,-1.0
output:496122,-1,-1.0,-1.0
output:496016,-1,-1.0,-1.0
output:496026,-1,-1.0,-1.0
output:306073,-1,-1.0,-1.0
output:28318,-1,-1.0,-1.0
output:28316,-1,-1.0,-1.0
output:28473,-1,-1.0,-1.0
output:28472,-1,-1.0,-1.0
output:305816,-1,-1.0,-1.0
output:28594,-1,-1.0,-1.0
output:28559,-1,-1.0,-1.0
output:27670,-1,-1.0,-1.0
output:305616,-1,-1.0,-1.0
output:375306,-1,-1.0,-1.0
output:375305,-1,-1.0,-1.0
output:27804,-1,-1.0,-1.0
output:27815,-1,-1.0,-1.0
output:27809,-1,-1.0,-1.0
output:27878,-1,-1.0,-1.0
output:305307,-1,-1.0,-1.0
output:816245,-1,-1.0,-1.0
output:27928,-1,-1.0,-1.0
output:27965,-1,-1.0,-1.0
output:375633,-1,-1.0,-1.0
output:816266,-1,-1.0,-1.0
output:816256,-1,-1.0,-1.0
output:128885,-1,-1.0,-1.0
output:923230,-1,-1.0,-1.0
output:27257,-1,-1.0,-1.0
output:27232,-1,-1.0,-1.0
output:27203,-1,-1.0,-1.0
output:307086,-1,-1.0,-1.0
output:221147,-1,-1.0,-1.0
output:27306,-1,-1.0,-1.0
output:307002,-1,-1.0,-1.0
output:27284,-1,-1.0,-1.0
output:27500,-1,-1.0,-1.0
output:27501,-1,-1.0,-1.0
output:27499,-1,-1.0,-1.0
output:815634,-1,-1.0,-1.0
output:27484,-1,-1.0,-1.0
output:27443,-1,-1.0,-1.0
output:27647,-1,-1.0,-1.0
output:27609,-1,-1.0,-1.0
output:27605,-1,-1.0,-1.0
output:27607,-1,-1.0,-1.0
output:306744,-1,-1.0,-1.0
output:27568,-1,-1.0,-1.0
output:26704,-1,-1.0,-1.0
output:26695,-1,-1.0,-1.0
output:306686,-1,-1.0,-1.0
output:815487,-1,-1.0,-1.0
output:815471,-1,-1.0,-1.0
output:26817,-1,-1.0,-1.0
output:306558,-1,-1.0,-1.0
output:26771,-1,-1.0,-1.0
output:26757,-1,-1.0,-1.0
output:306457,-1,-1.0,-1.0
output:912125,-1,-1.0,-1.0
output:27020,-1,-1.0,-1.0
output:27015,-1,-1.0,-1.0
output:27014,-1,-1.0,-1.0
output:27060,-1,-1.0,-1.0
output:338077,-1,-1.0,-1.0
output:30597,-1,-1.0,-1.0
output:171255,-1,-1.0,-1.0
output:533203,-1,-1.0,-1.0
output:533156,-1,-1.0,-1.0
output:338127,-1,-1.0,-1.0
output:493386,-1,-1.0,-1.0
output:493398,-1,-1.0,-1.0
output:338128,-1,-1.0,-1.0
output:493412,-1,-1.0,-1.0
output:493408,-1,-1.0,-1.0
output:171184,-1,-1.0,-1.0
output:171186,-1,-1.0,-1.0
output:171188,-1,-1.0,-1.0
output:493426,-1,-1.0,-1.0
output:30702,-1,-1.0,-1.0
output:30703,-1,-1.0,-1.0
output:307924,-1,-1.0,-1.0
output:493549,-1,-1.0,-1.0
output:493561,-1,-1.0,-1.0
output:493557,-1,-1.0,-1.0
output:493077,-1,-1.0,-1.0
output:493058,-1,-1.0,-1.0
output:65297,-1,-1.0,-1.0
output:171487,-1,-1.0,-1.0
output:533469,-1,-1.0,-1.0
output:171398,-1,-1.0,-1.0
output:65361,-1,-1.0,-1.0
output:65416,-1,-1.0,-1.0
output:30219,-1,-1.0,-1.0
output:493209,-1,-1.0,-1.0
output:533360,-1,-1.0,-1.0
output:493194,-1,-1.0,-1.0
output:493198,-1,-1.0,-1.0
output:493186,-1,-1.0,-1.0
output:493191,-1,-1.0,-1.0
output:493219,-1,-1.0,-1.0
output:30287,-1,-1.0,-1.0
output:30280,-1,-1.0,-1.0
output:30279,-1,-1.0,-1.0
output:30302,-1,-1.0,-1.0
output:30303,-1,-1.0,-1.0
output:30296,-1,-1.0,-1.0
output:171321,-1,-1.0,-1.0
output:30129,-1,-1.0,-1.0
output:492830,-1,-1.0,-1.0
output:492905,-1,-1.0,-1.0
output:171673,-1,-1.0,-1.0
output:171661,-1,-1.0,-1.0
output:171616,-1,-1.0,-1.0
output:171631,-1,-1.0,-1.0
output:171593,-1,-1.0,-1.0
output:532483,-1,-1.0,-1.0
output:307443,-1,-1.0,-1.0
output:493048,-1,-1.0,-1.0
output:307452,-1,-1.0,-1.0
output:64735,-1,-1.0,-1.0
output:493006,-1,-1.0,-1.0
output:171537,-1,-1.0,-1.0
output:532539,-1,-1.0,-1.0
output:29861,-1,-1.0,-1.0
output:29862,-1,-1.0,-1.0
output:29863,-1,-1.0,-1.0
output:172002,-1,-1.0,-1.0
output:29864,-1,-1.0,-1.0
output:532989,-1,-1.0,-1.0
output:532984,-1,-1.0,-1.0
output:29851,-1,-1.0,-1.0
output:307571,-1,-1.0,-1.0
output:171918,-1,-1.0,-1.0
output:171931,-1,-1.0,-1.0
output:171862,-1,-1.0,-1.0
output:29803,-1,-1.0,-1.0
output:29804,-1,-1.0,-1.0
output:65004,-1,-1.0,-1.0
output:29820,-1,-1.0,-1.0
output:492407,-1,-1.0,-1.0
output:339079,-1,-1.0,-1.0
output:492306,-1,-1.0,-1.0
output:29530,-1,-1.0,-1.0
output:370139,-1,-1.0,-1.0
output:29464,-1,-1.0,-1.0
output:492120,-1,-1.0,-1.0
output:492100,-1,-1.0,-1.0
output:492142,-1,-1.0,-1.0
output:64274,58,5.112032144611937,-1.0
output:337259,58,5.112032144611937,5.112032144611937
output:492187,58,5.112032144611937,5.112032144611937
output:495508,58,5.112032144611937,5.112032144611937
output:495496,58,5.112032144611937,5.112032144611937
output:495502,58,5.112032144611937,5.112032144611937
output:61769,58,5.112032144611937,5.112032144611937
output:492038,-1,-1.0,-1.0
output:492238,-1,-1.0,-1.0
output:29193,-1,-1.0,-1.0
output:29216,-1,-1.0,-1.0
output:29169,-1,-1.0,-1.0
output:533679,-1,-1.0,-1.0
output:533669,-1,-1.0,-1.0
output:29117,-1,-1.0,-1.0
output:29115,-1,-1.0,-1.0
output:533720,-1,-1.0,-1.0
output:533513,-1,-1.0,-1.0
output:63696,-1,-1.0,-1.0
output:370650,-1,-1.0,-1.0
output:29003,-1,-1.0,-1.0
output:63695,-1,-1.0,-1.0
output:63673,-1,-1.0,-1.0
output:28959,-1,-1.0,-1.0
output:28926,-1,-1.0,-1.0
output:339949,-1,-1.0,-1.0
output:63830,-1,-1.0,-1.0
output:28835,-1,-1.0,-1.0
output:534001,-1,-1.0,-1.0
output:28744,-1,-1.0,-1.0
output:63967,-1,-1.0,-1.0
output:28712,-1,-1.0,-1.0
output:63180,-1,-1.0,-1.0
output:63179,-1,-1.0,-1.0
output:535331,-1,-1.0,-1.0
output:704582,-1,-1.0,-1.0
output:535459,-1,-1.0,-1.0
output:535451,-1,-1.0,-1.0
output:495011,-1,-1.0,-1.0
output:32120,-1,-1.0,-1.0
output:917138,-1,-1.0,-1.0
output:62706,-1,-1.0,-1.0
output:62497,-1,-1.0,-1.0
output:62496,-1,-1.0,-1.0
output:494910,-1,-1.0,-1.0
output:494905,-1,-1.0,-1.0
output:494871,-1,-1.0,-1.0
output:494876,-1,-1.0,-1.0
output:494749,-1,-1.0,-1.0
output:494741,-1,-1.0,-1.0
output:494737,-1,-1.0,-1.0
output:494829,-1,-1.0,-1.0
output:534813,-1,-1.0,-1.0
output:494795,-1,-1.0,-1.0
output:62721,-1,-1.0,-1.0
output:31565,-1,-1.0,-1.0
output:62169,-1,-1.0,-1.0
output:62092,-1,-1.0,-1.0
output:62122,-1,-1.0,-1.0
output:62124,-1,-1.0,-1.0
output:31534,-1,-1.0,-1.0
output:459327,-1,-1.0,-1.0
output:494499,-1,-1.0,-1.0
output:372043,-1,-1.0,-1.0
output:371988,-1,-1.0,-1.0
output:61998,-1,-1.0,-1.0
output:371925,-1,-1.0,-1.0
output:31305,-1,-1.0,-1.0
output:31343,-1,-1.0,-1.0
output:31342,-1,-1.0,-1.0
output:494328,-1,-1.0,-1.0
output:371844,-1,-1.0,-1.0
output:494220,-1,-1.0,-1.0
output:62348,-1,-1.0,-1.0
output:62350,-1,-1.0,-1.0
output:494187,-1,-1.0,-1.0
output:494201,-1,-1.0,-1.0
output:31380,-1,-1.0,-1.0
output:62214,-1,-1.0,-1.0
output:61676,-1,-1.0,-1.0
output:605988,-1,-1.0,-1.0
output:605986,-1,-1.0,-1.0
output:493988,-1,-1.0,-1.0
output:535627,-1,-1.0,-1.0
output:535670,-1,-1.0,-1.0
output:493907,-1,-1.0,-1.0
output:337595,-1,-1.0,-1.0
output:493869,-1,-1.0,-1.0
output:606151,-1,-1.0,-1.0
output:493843,-1,-1.0,-1.0
output:493835,-1,-1.0,-1.0
output:30822,-1,-1.0,-1.0
output:493740,-1,-1.0,-1.0
output:493759,-1,-1.0,-1.0
output:493752,-1,-1.0,-1.0
output:30720,-1,-1.0,-1.0
output:30944,-1,-1.0,-1.0
output:30942,-1,-1.0,-1.0
output:337878,-1,-1.0,-1.0
output:30904,-1,-1.0,-1.0
output:30906,-1,-1.0,-1.0
output:30903,-1,-1.0,-1.0
output:61733,-1,-1.0,-1.0
output:493618,-1,-1.0,-1.0
output:493576,-1,-1.0,-1.0
output:493584,-1,-1.0,-1.0
