output:642997,-1,-1.0,-1.0
output:489828,-1,-1.0,-1.0
output:489867,-1,-1.0,-1.0
output:489904,0,0.0,-1.0
output:489903,0,0.0,0.0
output:335398,0,0.0,0.0
output:335399,0,0.0,0.0
output:300798,0,0.0,0.0
output:572020,0,0.0,0.0
output:572022,0,0.0,0.0
output:246896,0,0.0,0.0
output:246890,0,0.0,0.0
output:334598,-1,-1.0,-1.0
output:489975,-1,-1.0,-1.0
output:642780,-1,-1.0,-1.0
output:334581,-1,-1.0,-1.0
output:528630,-1,-1.0,-1.0
output:334406,-1,-1.0,-1.0
output:528441,-1,-1.0,-1.0
output:334444,1,0.0,-1.0
output:570066,1,0.0,0.0
output:58580,1,0.0,0.0
output:602775,1,0.0,0.0
output:602771,1,0.0,0.0
output:602778,1,0.0,0.0
output:334337,-1,-1.0,-1.0
output:334378,2,0.0,-1.0
output:980393,2,0.0,0.0
output:980398,2,0.0,0.0
output:488189,2,0.0,0.0
output:731999,2,0.0,0.0
output:998826,2,0.0,0.0
output:998822,2,0.0,0.0
output:698811,2,0.0,0.0
output:457634,2,0.0,0.0
output:803163,2,0.0,0.0
output:851750,2,0.0,0.0
output:490302,-1,-1.0,-1.0
output:642428,-1,-1.0,-1.0
output:642430,-1,-1.0,-1.0
output:334169,3,0.0,-1.0
output:296546,3,0.0,0.0
output:297365,3,0.0,0.0
output:852836,3,0.0,0.0
output:852832,3,0.0,0.0
output:852833,3,0.0,0.0
output:852835,3,0.0,0.0
output:623038,3,0.0,0.0
output:623089,3,0.0,0.0
output:333698,3,0.0,0.0
output:333700,3,0.0,0.0
output:488734,3,0.0,0.0
output:298049,3,0.0,0.0
output:998464,3,0.0,0.0
output:56655,3,0.0,0.0
output:999015,3,0.0,0.0
output:999023,3,0.0,0.0
output:999019,3,0.0,0.0
output:999029,3,0.0,0.0
output:57248,3,0.0,0.0
output:407826,3,0.0,0.0
output:698824,3,0.0,0.0
output:407524,3,0.0,0.0
output:23966,3,0.0,0.0
output:955028,3,0.0,0.0
output:955271,3,0.0,0.0
output:602582,3,0.0,0.0
output:602325,3,0.0,0.0
output:602335,3,0.0,0.0
output:602334,3,0.0,0.0
output:602331,3,0.0,0.0
output:602329,3,0.0,0.0
output:126067,3,0.0,0.0
output:602673,3,0.0,0.0
output:568853,3,0.0,0.0
output:568848,3,0.0,0.0
output:246109,3,0.0,0.0
output:245797,3,0.0,0.0
output:247325,3,0.0,0.0
output:168482,3,0.0,0.0
output:56816,3,3.615050421996041,3.615050421996041
output:24283,3,3.615050421996041,3.615050421996041
output:334132,-1,-1.0,-1.0
output:334117,4,0.0,-1.0
output:334118,4,0.0,0.0
output:366366,4,0.0,0.0
output:57333,4,0.0,0.0
output:457769,4,0.0,0.0
output:247385,4,0.0,0.0
output:642300,-1,-1.0,-1.0
output:642142,-1,-1.0,-1.0
output:333889,-1,-1.0,-1.0
output:642156,-1,-1.0,-1.0
output:642161,-1,-1.0,-1.0
output:642085,5,0.0,-1.0
output:457700,5,0.0,0.0
output:526925,5,0.0,0.0
output:602707,5,0.0,0.0
output:245864,5,0.0,0.0
output:245868,5,0.0,0.0
output:335679,6,0.0,-1.0
output:298719,6,0.0,0.0
output:298715,6,0.0,0.0
output:298708,6,0.0,0.0
output:298705,6,0.0,0.0
output:298701,6,0.0,0.0
output:572363,6,0.0,0.0
output:572364,6,0.0,0.0
output:57566,6,0.0,0.0
output:57567,6,0.0,0.0
output:57564,6,0.0,0.0
output:57565,6,0.0,0.0
output:57568,6,0.0,0.0
output:602013,6,0.0,0.0
output:602010,6,0.0,0.0
output:641672,7,0.0,-1.0
output:296880,7,0.0,0.0
output:296874,7,0.0,0.0
output:366629,7,0.0,0.0
output:298233,7,0.0,0.0
output:298226,7,0.0,0.0
output:298219,7,0.0,0.0
output:298213,7,0.0,0.0
output:56710,7,0.0,0.0
output:56711,7,0.0,0.0
output:56709,7,0.0,0.0
output:366465,-1,-1.0,-1.0
output:366528,-1,-1.0,-1.0
output:335268,-1,-1.0,-1.0
output:296737,-1,-1.0,-1.0
output:296739,8,0.0,-1.0
output:296743,8,0.0,0.0
output:57457,8,0.0,0.0
output:57456,8,0.0,0.0
output:57459,8,0.0,0.0
output:57458,8,0.0,0.0
output:57460,8,0.0,0.0
output:335264,-1,-1.0,-1.0
output:335263,-1,-1.0,-1.0
output:335237,-1,-1.0,-1.0
output:335236,-1,-1.0,-1.0
output:365581,-1,-1.0,-1.0
output:365582,-1,-1.0,-1.0
output:296773,-1,-1.0,-1.0
output:365642,-1,-1.0,-1.0
output:335149,9,0.0,-1.0
output:623438,9,0.0,0.0
output:623441,9,0.0,0.0
output:623440,9,0.0,0.0
output:488478,9,0.0,0.0
output:488481,9,0.0,0.0
output:408069,9,0.0,0.0
output:24160,9,0.0,0.0
output:602358,9,0.0,0.0
output:246361,9,0.0,0.0
output:764920,-1,-1.0,-1.0
output:335192,10,0.0,-1.0
output:297493,10,0.0,0.0
output:408150,10,0.0,0.0
output:24240,10,0.0,0.0
output:127904,10,0.0,0.0
output:602870,10,0.0,0.0
output:602876,10,0.0,0.0
output:602879,10,0.0,0.0
output:125346,10,0.0,0.0
output:296480,-1,-1.0,-1.0
output:335010,-1,-1.0,-1.0
output:335009,-1,-1.0,-1.0
output:365927,-1,-1.0,-1.0
output:335088,11,0.0,-1.0
output:335089,11,0.0,0.0
output:298379,11,0.0,0.0
output:298373,11,0.0,0.0
output:298371,11,0.0,0.0
output:457513,11,0.0,0.0
output:571587,11,0.0,0.0
output:126365,11,0.0,0.0
output:126364,11,0.0,0.0
output:126361,11,0.0,0.0
output:126360,11,0.0,0.0
output:126363,11,0.0,0.0
output:126362,11,0.0,0.0
output:247585,11,0.0,0.0
output:335045,-1,-1.0,-1.0
output:335047,-1,-1.0,-1.0
output:296672,-1,-1.0,-1.0
output:297371,-1,-1.0,-1.0
output:367280,-1,-1.0,-1.0
output:367175,-1,-1.0,-1.0
output:297247,-1,-1.0,-1.0
output:297240,-1,-1.0,-1.0
output:297253,-1,-1.0,-1.0
output:367164,-1,-1.0,-1.0
output:297116,-1,-1.0,-1.0
output:623344,-1,-1.0,-1.0
output:367451,-1,-1.0,-1.0
output:367434,-1,-1.0,-1.0
output:297037,-1,-1.0,-1.0
output:297030,-1,-1.0,-1.0
output:623124,-1,-1.0,-1.0
output:367469,-1,-1.0,-1.0
output:367471,-1,-1.0,-1.0
output:367418,-1,-1.0,-1.0
output:488387,12,18.16002317447014,-1.0
output:24156,12,18.16002317447014,18.16002317447014
output:527318,12,18.16002317447014,18.16002317447014
output:602980,12,18.16002317447014,18.16002317447014
output:298884,12,18.16002317447014,18.16002317447014
output:298876,12,18.16002317447014,18.16002317447014
output:297549,-1,-1.0,-1.0
output:488054,-1,-1.0,-1.0
output:297532,13,0.0,-1.0
output:56213,13,0.0,0.0
output:57551,13,0.0,0.0
output:57550,13,0.0,0.0
output:57549,13,0.0,0.0
output:57548,13,0.0,0.0
output:570720,13,0.0,0.0
output:570716,13,0.0,0.0
output:570712,13,0.0,0.0
output:570708,13,0.0,0.0
output:125646,13,0.0,0.0
output:125647,13,0.0,0.0
output:125645,13,0.0,0.0
output:125651,13,0.0,0.0
output:125650,13,0.0,0.0
output:125649,13,0.0,0.0
output:125648,13,0.0,0.0
output:298383,-1,-1.0,-1.0
output:298388,-1,-1.0,-1.0
output:298384,-1,-1.0,-1.0
output:298438,-1,-1.0,-1.0
output:298473,-1,-1.0,-1.0
output:298362,-1,-1.0,-1.0
output:298000,14,0.0,-1.0
output:298002,14,0.0,0.0
output:298010,14,0.0,0.0
output:526303,14,0.0,0.0
output:570992,14,0.0,0.0
output:570998,14,0.0,0.0
output:57942,14,0.0,0.0
output:57941,14,0.0,0.0
output:488548,-1,-1.0,-1.0
output:488544,-1,-1.0,-1.0
output:367798,-1,-1.0,-1.0
output:298891,15,0.0,-1.0
output:298886,15,0.0,0.0
output:298897,15,0.0,0.0
output:126535,15,0.0,0.0
output:568590,15,0.0,0.0
output:125552,15,0.0,0.0
output:489400,-1,-1.0,-1.0
output:489401,-1,-1.0,-1.0
output:298828,-1,-1.0,-1.0
output:298827,-1,-1.0,-1.0
output:298834,-1,-1.0,-1.0
output:298832,-1,-1.0,-1.0
output:298685,16,0.0,-1.0
output:58705,16,0.0,0.0
output:570530,16,0.0,0.0
output:570522,16,0.0,0.0
output:570520,16,0.0,0.0
output:570526,16,0.0,0.0
output:570527,16,0.0,0.0
output:126523,16,0.0,0.0
output:126525,16,0.0,0.0
output:126526,16,0.0,0.0
output:126531,16,0.0,0.0
output:126528,16,0.0,0.0
output:603381,16,17.378996365354816,17.378996365354816
output:298666,-1,-1.0,-1.0
output:298658,-1,-1.0,-1.0
output:298655,-1,-1.0,-1.0
output:298740,-1,-1.0,-1.0
output:298732,-1,-1.0,-1.0
output:298714,-1,-1.0,-1.0
output:489067,17,0.0,-1.0
output:570463,17,0.0,0.0
output:125663,17,0.0,0.0
output:125662,17,0.0,0.0
output:125661,17,0.0,0.0
output:125660,17,0.0,0.0
output:604208,17,0.0,0.0
output:604209,17,0.0,0.0
output:604211,17,0.0,0.0
output:298536,-1,-1.0,-1.0
output:489057,-1,-1.0,-1.0
output:367979,-1,-1.0,-1.0
output:56371,-1,-1.0,-1.0
output:299041,-1,-1.0,-1.0
output:56574,18,10.406721327856006,-1.0
output:56573,18,10.406721327856006,10.406721327856006
output:58354,18,10.406721327856006,10.406721327856006
output:58350,18,10.406721327856006,10.406721327856006
output:125201,18,10.406721327856006,10.406721327856006
output:603770,18,10.406721327856006,10.406721327856006
output:56533,-1,-1.0,-1.0
output:56532,-1,-1.0,-1.0
output:56647,-1,-1.0,-1.0
output:56616,-1,-1.0,-1.0
output:299305,-1,-1.0,-1.0
output:56600,-1,-1.0,-1.0
output:409190,19,0.0,-1.0
output:527012,19,0.0,0.0
output:604269,19,0.0,0.0
output:604270,19,0.0,0.0
output:604266,19,0.0,0.0
output:169252,19,0.0,0.0
output:458798,19,0.0,0.0
output:56775,-1,-1.0,-1.0
output:299422,-1,-1.0,-1.0
output:299599,20,0.0,-1.0
output:299603,20,0.0,0.0
output:408868,20,0.0,0.0
output:408867,20,0.0,0.0
output:526272,20,0.0,0.0
output:527204,20,0.0,0.0
output:570753,20,0.0,0.0
output:570751,20,0.0,0.0
output:570746,20,0.0,0.0
output:570743,20,0.0,0.0
output:570738,20,0.0,0.0
output:570735,20,0.0,0.0
output:570730,20,0.0,0.0
output:570723,20,0.0,0.0
output:126297,20,0.0,0.0
output:126298,20,0.0,0.0
output:604504,20,0.0,0.0
output:604503,20,0.0,0.0
output:299842,-1,-1.0,-1.0
output:57200,-1,-1.0,-1.0
output:57140,-1,-1.0,-1.0
output:57144,-1,-1.0,-1.0
output:57338,-1,-1.0,-1.0
output:57217,-1,-1.0,-1.0
output:57253,-1,-1.0,-1.0
output:408472,-1,-1.0,-1.0
output:300098,-1,-1.0,-1.0
output:408432,-1,-1.0,-1.0
output:698958,-1,-1.0,-1.0
output:408216,-1,-1.0,-1.0
output:408215,-1,-1.0,-1.0
output:698882,-1,-1.0,-1.0
output:408127,-1,-1.0,-1.0
output:300493,-1,-1.0,-1.0
output:300652,-1,-1.0,-1.0
output:56084,-1,-1.0,-1.0
output:56302,-1,-1.0,-1.0
output:23854,-1,-1.0,-1.0
output:457306,-1,-1.0,-1.0
output:457496,-1,-1.0,-1.0
output:457610,-1,-1.0,-1.0
output:23754,-1,-1.0,-1.0
output:457687,-1,-1.0,-1.0
output:24369,-1,-1.0,-1.0
output:526917,-1,-1.0,-1.0
output:526918,-1,-1.0,-1.0
output:527076,21,0.0,-1.0
output:58081,21,0.0,0.0
output:58082,21,0.0,0.0
output:127922,21,0.0,0.0
output:568993,21,0.0,0.0
output:568990,21,0.0,0.0
output:246062,21,0.0,0.0
output:527059,-1,-1.0,-1.0
output:527062,-1,-1.0,-1.0
output:24158,-1,-1.0,-1.0
output:457052,-1,-1.0,-1.0
output:24278,-1,-1.0,-1.0
output:24202,-1,-1.0,-1.0
output:458348,-1,-1.0,-1.0
output:458309,-1,-1.0,-1.0
output:458311,-1,-1.0,-1.0
output:527465,-1,-1.0,-1.0
output:527610,-1,-1.0,-1.0
output:527527,-1,-1.0,-1.0
output:458510,-1,-1.0,-1.0
output:527945,-1,-1.0,-1.0
output:527882,-1,-1.0,-1.0
output:457982,-1,-1.0,-1.0
output:528065,-1,-1.0,-1.0
output:528237,-1,-1.0,-1.0
output:528249,-1,-1.0,-1.0
output:528180,-1,-1.0,-1.0
output:528139,-1,-1.0,-1.0
output:571961,-1,-1.0,-1.0
output:572145,-1,-1.0,-1.0
output:572377,-1,-1.0,-1.0
output:571505,-1,-1.0,-1.0
output:571499,-1,-1.0,-1.0
output:571567,-1,-1.0,-1.0
output:571554,-1,-1.0,-1.0
output:571543,-1,-1.0,-1.0
output:571767,-1,-1.0,-1.0
output:571651,-1,-1.0,-1.0
output:571863,-1,-1.0,-1.0
output:218956,-1,-1.0,-1.0
output:218955,-1,-1.0,-1.0
output:218948,-1,-1.0,-1.0
output:218943,-1,-1.0,-1.0
output:218683,-1,-1.0,-1.0
output:910092,-1,-1.0,-1.0
output:572430,-1,-1.0,-1.0
output:910237,-1,-1.0,-1.0
output:218480,-1,-1.0,-1.0
output:218397,-1,-1.0,-1.0
output:218353,-1,-1.0,-1.0
output:909917,-1,-1.0,-1.0
output:218231,-1,-1.0,-1.0
output:59188,-1,-1.0,-1.0
output:59178,-1,-1.0,-1.0
output:569903,-1,-1.0,-1.0
output:569907,-1,-1.0,-1.0
output:570327,-1,-1.0,-1.0
output:570366,-1,-1.0,-1.0
output:570350,-1,-1.0,-1.0
output:570340,-1,-1.0,-1.0
output:58952,-1,-1.0,-1.0
output:58803,-1,-1.0,-1.0
output:569531,-1,-1.0,-1.0
output:569480,-1,-1.0,-1.0
output:58876,-1,-1.0,-1.0
output:250110,-1,-1.0,-1.0
output:569469,-1,-1.0,-1.0
output:58663,-1,-1.0,-1.0
output:569393,-1,-1.0,-1.0
output:58539,-1,-1.0,-1.0
output:58571,-1,-1.0,-1.0
output:58585,-1,-1.0,-1.0
output:58582,-1,-1.0,-1.0
output:58593,-1,-1.0,-1.0
output:58592,-1,-1.0,-1.0
output:219259,-1,-1.0,-1.0
output:58374,-1,-1.0,-1.0
output:58375,-1,-1.0,-1.0
output:58373,-1,-1.0,-1.0
output:58390,22,0.0,-1.0
output:58404,22,0.0,0.0
output:58420,22,0.0,0.0
output:58424,22,0.0,0.0
output:58442,22,0.0,0.0
output:58451,22,0.0,0.0
output:58358,-1,-1.0,-1.0
output:58359,-1,-1.0,-1.0
output:127208,-1,-1.0,-1.0
output:58327,-1,-1.0,-1.0
output:58278,-1,-1.0,-1.0
output:58282,-1,-1.0,-1.0
output:127145,-1,-1.0,-1.0
output:127146,-1,-1.0,-1.0
output:58284,-1,-1.0,-1.0
output:58261,-1,-1.0,-1.0
output:58271,-1,-1.0,-1.0
output:58253,-1,-1.0,-1.0
output:58254,-1,-1.0,-1.0
output:570900,-1,-1.0,-1.0
output:58181,-1,-1.0,-1.0
output:58182,-1,-1.0,-1.0
output:570953,-1,-1.0,-1.0
output:127008,-1,-1.0,-1.0
output:127010,-1,-1.0,-1.0
output:126985,-1,-1.0,-1.0
output:58116,-1,-1.0,-1.0
output:571285,-1,-1.0,-1.0
output:571280,-1,-1.0,-1.0
output:571283,-1,-1.0,-1.0
output:58064,-1,-1.0,-1.0
output:127396,-1,-1.0,-1.0
output:58030,-1,-1.0,-1.0
output:127373,-1,-1.0,-1.0
output:127390,-1,-1.0,-1.0
output:571259,-1,-1.0,-1.0
output:571262,-1,-1.0,-1.0
output:571255,-1,-1.0,-1.0
output:571234,-1,-1.0,-1.0
output:571235,-1,-1.0,-1.0
output:571232,-1,-1.0,-1.0
output:571236,-1,-1.0,-1.0
output:127702,-1,-1.0,-1.0
output:127711,-1,-1.0,-1.0
output:57822,-1,-1.0,-1.0
output:570524,-1,-1.0,-1.0
output:127623,-1,-1.0,-1.0
output:570562,-1,-1.0,-1.0
output:57761,-1,-1.0,-1.0
output:57760,-1,-1.0,-1.0
output:57695,-1,-1.0,-1.0
output:57682,-1,-1.0,-1.0
output:127561,-1,-1.0,-1.0
output:127554,-1,-1.0,-1.0
output:127602,-1,-1.0,-1.0
output:570394,-1,-1.0,-1.0
output:127496,-1,-1.0,-1.0
output:127547,-1,-1.0,-1.0
output:127551,-1,-1.0,-1.0
output:57655,-1,-1.0,-1.0
output:57561,-1,-1.0,-1.0
output:570779,-1,-1.0,-1.0
output:570859,-1,-1.0,-1.0
output:570838,-1,-1.0,-1.0
output:127835,-1,-1.0,-1.0
output:570649,-1,-1.0,-1.0
output:127842,-1,-1.0,-1.0
output:127841,-1,-1.0,-1.0
output:57347,-1,-1.0,-1.0
output:602623,23,0.0,-1.0
output:602620,23,0.0,0.0
output:602637,23,0.0,0.0
output:602632,23,0.0,0.0
output:602630,23,0.0,0.0
output:602628,23,0.0,0.0
output:602624,23,0.0,0.0
output:126223,-1,-1.0,-1.0
output:126222,-1,-1.0,-1.0
output:126245,-1,-1.0,-1.0
output:602547,-1,-1.0,-1.0
output:602548,-1,-1.0,-1.0
output:248702,-1,-1.0,-1.0
output:126322,-1,-1.0,-1.0
output:126353,-1,-1.0,-1.0
output:126354,-1,-1.0,-1.0
output:126337,-1,-1.0,-1.0
output:126338,-1,-1.0,-1.0
output:126339,-1,-1.0,-1.0
output:602436,-1,-1.0,-1.0
output:602435,-1,-1.0,-1.0
output:602412,-1,-1.0,-1.0
output:126404,-1,-1.0,-1.0
output:126452,-1,-1.0,-1.0
output:125982,-1,-1.0,-1.0
output:602326,-1,-1.0,-1.0
output:248362,-1,-1.0,-1.0
output:126035,-1,-1.0,-1.0
output:126036,-1,-1.0,-1.0
output:126057,-1,-1.0,-1.0
output:602202,-1,-1.0,-1.0
output:602198,-1,-1.0,-1.0
output:602195,-1,-1.0,-1.0
output:126113,-1,-1.0,-1.0
output:126175,-1,-1.0,-1.0
output:602138,-1,-1.0,-1.0
output:126177,-1,-1.0,-1.0
output:248559,-1,-1.0,-1.0
output:126182,-1,-1.0,-1.0
output:603083,-1,-1.0,-1.0
output:126838,-1,-1.0,-1.0
output:248132,-1,-1.0,-1.0
output:602944,-1,-1.0,-1.0
output:602830,-1,-1.0,-1.0
output:602831,-1,-1.0,-1.0
output:126468,-1,-1.0,-1.0
output:602806,-1,-1.0,-1.0
output:602815,-1,-1.0,-1.0
output:602808,-1,-1.0,-1.0
output:247997,-1,-1.0,-1.0
output:126605,-1,-1.0,-1.0
output:603554,-1,-1.0,-1.0
output:603534,-1,-1.0,-1.0
output:603549,-1,-1.0,-1.0
output:603550,-1,-1.0,-1.0
output:603536,-1,-1.0,-1.0
output:603438,-1,-1.0,-1.0
output:125376,-1,-1.0,-1.0
output:603406,-1,-1.0,-1.0
output:569312,-1,-1.0,-1.0
output:569333,-1,-1.0,-1.0
output:125368,-1,-1.0,-1.0
output:569304,-1,-1.0,-1.0
output:569306,-1,-1.0,-1.0
output:569308,-1,-1.0,-1.0
output:569310,-1,-1.0,-1.0
output:603327,-1,-1.0,-1.0
output:249433,-1,-1.0,-1.0
output:568851,-1,-1.0,-1.0
output:603275,-1,-1.0,-1.0
output:603272,-1,-1.0,-1.0
output:603270,-1,-1.0,-1.0
output:568910,-1,-1.0,-1.0
output:568903,-1,-1.0,-1.0
output:603173,-1,-1.0,-1.0
output:603240,-1,-1.0,-1.0
output:125776,-1,-1.0,-1.0
output:125761,-1,-1.0,-1.0
output:125909,-1,-1.0,-1.0
output:125908,-1,-1.0,-1.0
output:125907,-1,-1.0,-1.0
output:249288,-1,-1.0,-1.0
output:249293,-1,-1.0,-1.0
output:125902,-1,-1.0,-1.0
output:125877,-1,-1.0,-1.0
output:603985,-1,-1.0,-1.0
output:568810,-1,-1.0,-1.0
output:125542,-1,-1.0,-1.0
output:125566,-1,-1.0,-1.0
output:603776,-1,-1.0,-1.0
output:603846,-1,-1.0,-1.0
output:603701,-1,-1.0,-1.0
output:603689,-1,-1.0,-1.0
output:125624,-1,-1.0,-1.0
output:603767,-1,-1.0,-1.0
output:568546,-1,-1.0,-1.0
output:169063,-1,-1.0,-1.0
output:169067,-1,-1.0,-1.0
output:604470,-1,-1.0,-1.0
output:246748,-1,-1.0,-1.0
output:604596,-1,-1.0,-1.0
output:246597,-1,-1.0,-1.0
output:604284,-1,-1.0,-1.0
output:604281,-1,-1.0,-1.0
output:604279,-1,-1.0,-1.0
output:604213,-1,-1.0,-1.0
output:246472,-1,-1.0,-1.0
output:604179,-1,-1.0,-1.0
output:604404,-1,-1.0,-1.0
output:604344,-1,-1.0,-1.0
output:604350,-1,-1.0,-1.0
output:604291,-1,-1.0,-1.0
output:604292,-1,-1.0,-1.0
output:604302,-1,-1.0,-1.0
output:604301,-1,-1.0,-1.0
output:604306,-1,-1.0,-1.0
output:604309,-1,-1.0,-1.0
output:124912,-1,-1.0,-1.0
output:604685,-1,-1.0,-1.0
output:604813,-1,-1.0,-1.0
output:247749,-1,-1.0,-1.0
output:247673,-1,-1.0,-1.0
output:247507,-1,-1.0,-1.0
output:168240,-1,-1.0,-1.0
output:247425,-1,-1.0,-1.0
output:247473,-1,-1.0,-1.0
output:247391,-1,-1.0,-1.0
output:168416,-1,-1.0,-1.0
output:168493,-1,-1.0,-1.0
output:247110,-1,-1.0,-1.0
output:247116,-1,-1.0,-1.0
output:247122,-1,-1.0,-1.0
output:247065,-1,-1.0,-1.0
output:168723,-1,-1.0,-1.0
output:246947,-1,-1.0,-1.0
output:168880,-1,-1.0,-1.0
output:246829,-1,-1.0,-1.0
