output:176007,-1,-1.0,-1.0
output:225758,0,0.0,-1.0
output:172486,0,0.0,0.0
output:172483,0,0.0,0.0
output:256890,0,0.0,0.0
output:922905,0,0.0,0.0
output:922904,0,0.0,0.0
output:922907,0,0.0,0.0
output:922906,0,0.0,0.0
output:27922,0,0.0,0.0
output:828395,0,0.0,0.0
output:63019,0,0.0,0.0
output:63018,0,0.0,0.0
output:795219,0,0.0,0.0
output:705083,0,0.0,0.0
output:705089,0,0.0,0.0
output:176047,-1,-1.0,-1.0
output:225761,-1,-1.0,-1.0
output:176094,-1,-1.0,-1.0
output:176095,-1,-1.0,-1.0
output:225683,-1,-1.0,-1.0
output:225705,-1,-1.0,-1.0
output:792843,1,0.0,-1.0
output:933173,1,0.0,0.0
output:933172,1,0.0,0.0
output:933175,1,0.0,0.0
output:933174,1,0.0,0.0
output:933171,1,0.0,0.0
output:933176,1,0.0,0.0
output:703709,1,0.0,0.0
output:793164,1,0.0,0.0
output:793165,1,0.0,0.0
output:793166,1,0.0,0.0
output:793167,1,0.0,0.0
output:793163,1,0.0,0.0
output:703238,1,0.0,0.0
output:703235,1,0.0,0.0
output:668301,1,0.0,0.0
output:703244,1,0.0,0.0
output:703240,1,0.0,0.0
output:668308,1,0.0,0.0
output:668306,1,0.0,0.0
output:668314,1,0.0,0.0
output:794303,1,0.0,0.0
output:794328,1,0.0,0.0
output:794315,1,0.0,0.0
output:32863,1,0.0,0.0
output:32855,1,0.0,0.0
output:32866,1,0.0,0.0
output:172713,1,0.0,0.0
output:256667,1,0.0,0.0
output:256673,1,0.0,0.0
output:256676,1,0.0,0.0
output:256677,1,0.0,0.0
output:768324,1,0.0,0.0
output:768322,1,0.0,0.0
output:574965,1,0.0,0.0
output:574968,1,0.0,0.0
output:253972,1,0.0,0.0
output:253957,1,0.0,0.0
output:253953,1,0.0,0.0
output:177223,1,0.0,0.0
output:177219,1,0.0,0.0
output:177227,1,0.0,0.0
output:891104,1,0.0,0.0
output:891099,1,0.0,0.0
output:891098,1,0.0,0.0
output:891101,1,0.0,0.0
output:891100,1,0.0,0.0
output:891103,1,0.0,0.0
output:891102,1,0.0,0.0
output:856304,1,0.0,0.0
output:224230,1,0.0,0.0
output:224224,1,0.0,0.0
output:224225,1,0.0,0.0
output:224227,1,0.0,0.0
output:736156,1,0.0,0.0
output:372740,1,0.0,0.0
output:130185,1,0.0,0.0
output:130184,1,0.0,0.0
output:130183,1,0.0,0.0
output:132934,1,0.0,0.0
output:373593,1,0.0,0.0
output:373592,1,0.0,0.0
output:373591,1,0.0,0.0
output:373590,1,0.0,0.0
output:1003094,1,0.0,0.0
output:1003092,1,0.0,0.0
output:305504,1,0.0,0.0
output:338622,1,0.0,0.0
output:913410,1,0.0,0.0
output:913409,1,0.0,0.0
output:795151,1,0.0,0.0
output:414007,1,0.0,0.0
output:414011,1,0.0,0.0
output:460638,1,0.0,0.0
output:494858,1,0.0,0.0
output:494460,1,0.0,0.0
output:494454,1,0.0,0.0
output:493906,1,0.0,0.0
output:225704,-1,-1.0,-1.0
output:176120,-1,-1.0,-1.0
output:175872,2,0.0,-1.0
output:175883,2,0.0,0.0
output:175895,2,0.0,0.0
output:175890,2,0.0,0.0
output:175902,2,0.0,0.0
output:175905,2,0.0,0.0
output:175918,2,0.0,0.0
output:175912,2,0.0,0.0
output:175867,2,0.0,0.0
output:226950,2,0.0,0.0
output:226953,2,0.0,0.0
output:226943,2,0.0,0.0
output:226939,2,0.0,0.0
output:531964,2,0.0,0.0
output:531967,2,0.0,0.0
output:531990,2,0.0,0.0
output:531996,2,0.0,0.0
output:531983,2,0.0,0.0
output:531977,2,0.0,0.0
output:532003,2,0.0,0.0
output:532010,2,0.0,0.0
output:256436,2,0.0,0.0
output:256442,2,0.0,0.0
output:256420,2,0.0,0.0
output:256428,2,0.0,0.0
output:256430,2,0.0,0.0
output:256408,2,0.0,0.0
output:256398,2,0.0,0.0
output:577140,2,0.0,0.0
output:577137,2,0.0,0.0
output:577134,2,0.0,0.0
output:627418,2,0.0,0.0
output:627408,2,0.0,0.0
output:627410,2,0.0,0.0
output:627412,2,0.0,0.0
output:627415,2,0.0,0.0
output:627414,2,0.0,0.0
output:130161,2,0.0,0.0
output:130162,2,0.0,0.0
output:495627,2,0.0,0.0
output:495622,2,0.0,0.0
output:28492,2,0.0,0.0
output:28489,2,0.0,0.0
output:28484,2,0.0,0.0
output:28486,2,0.0,0.0
output:28481,2,0.0,0.0
output:28497,2,0.0,0.0
output:28496,2,0.0,0.0
output:305770,2,0.0,0.0
output:305762,2,0.0,0.0
output:305756,2,0.0,0.0
output:305751,2,0.0,0.0
output:305748,2,0.0,0.0
output:305744,2,0.0,0.0
output:64630,2,0.0,0.0
output:64631,2,0.0,0.0
output:495550,2,0.0,0.0
output:495539,2,0.0,0.0
output:495530,2,0.0,0.0
output:495534,2,0.0,0.0
output:495575,2,0.0,0.0
output:495561,2,0.0,0.0
output:495606,2,0.0,0.0
output:495599,2,0.0,0.0
output:495589,2,0.0,0.0
output:62156,2,0.0,0.0
output:62157,2,0.0,0.0
output:415190,2,0.0,0.0
output:415201,2,0.0,0.0
output:415212,2,0.0,0.0
output:415209,2,0.0,0.0
output:260314,-1,-1.0,-1.0
output:669466,-1,-1.0,-1.0
output:225537,-1,-1.0,-1.0
output:793012,3,0.0,-1.0
output:793013,3,0.0,0.0
output:793014,3,0.0,0.0
output:793015,3,0.0,0.0
output:793011,3,0.0,0.0
output:793020,3,0.0,0.0
output:793021,3,0.0,0.0
output:793016,3,0.0,0.0
output:793017,3,0.0,0.0
output:793018,3,0.0,0.0
output:793019,3,0.0,0.0
output:175642,3,0.0,0.0
output:175668,3,0.0,0.0
output:175676,3,0.0,0.0
output:175652,3,0.0,0.0
output:175662,3,0.0,0.0
output:175698,3,0.0,0.0
output:175704,3,0.0,0.0
output:175706,3,0.0,0.0
output:175684,3,0.0,0.0
output:175686,3,0.0,0.0
output:175694,3,0.0,0.0
output:703513,3,0.0,0.0
output:703517,3,0.0,0.0
output:703516,3,0.0,0.0
output:703519,3,0.0,0.0
output:703504,3,0.0,0.0
output:703508,3,0.0,0.0
output:703510,3,0.0,0.0
output:703497,3,0.0,0.0
output:703501,3,0.0,0.0
output:703488,3,0.0,0.0
output:669057,3,0.0,0.0
output:703491,3,0.0,0.0
output:703493,3,0.0,0.0
output:703551,3,0.0,0.0
output:703548,3,0.0,0.0
output:703537,3,0.0,0.0
output:703541,3,0.0,0.0
output:703528,3,0.0,0.0
output:703534,3,0.0,0.0
output:703523,3,0.0,0.0
output:703525,3,0.0,0.0
output:703561,3,0.0,0.0
output:703554,3,0.0,0.0
output:669045,3,0.0,0.0
output:669050,3,0.0,0.0
output:626544,3,0.0,0.0
output:626549,3,0.0,0.0
output:626548,3,0.0,0.0
output:626551,3,0.0,0.0
output:626536,3,0.0,0.0
output:626538,3,0.0,0.0
output:606760,3,0.0,0.0
output:626539,3,0.0,0.0
output:626542,3,0.0,0.0
output:626543,3,0.0,0.0
output:606754,3,0.0,0.0
output:606755,3,0.0,0.0
output:606758,3,0.0,0.0
output:626533,3,0.0,0.0
output:626535,3,0.0,0.0
output:606757,3,0.0,0.0
output:794017,3,0.0,0.0
output:794038,3,0.0,0.0
output:794032,3,0.0,0.0
output:626642,3,0.0,0.0
output:626640,3,0.0,0.0
output:793994,3,0.0,0.0
output:626647,3,0.0,0.0
output:626644,3,0.0,0.0
output:626649,3,0.0,0.0
output:793985,3,0.0,0.0
output:626652,3,0.0,0.0
output:626653,3,0.0,0.0
output:794006,3,0.0,0.0
output:855781,3,0.0,0.0
output:855780,3,0.0,0.0
output:794061,3,0.0,0.0
output:794055,3,0.0,0.0
output:607064,3,0.0,0.0
output:607061,3,0.0,0.0
output:703465,3,0.0,0.0
output:703468,3,0.0,0.0
output:703460,3,0.0,0.0
output:703481,3,0.0,0.0
output:703487,3,0.0,0.0
output:703472,3,0.0,0.0
output:703474,3,0.0,0.0
output:703479,3,0.0,0.0
output:856023,3,0.0,0.0
output:856020,3,0.0,0.0
output:856021,3,0.0,0.0
output:856019,3,0.0,0.0
output:667674,3,0.0,0.0
output:667677,3,0.0,0.0
output:667691,3,0.0,0.0
output:667700,3,0.0,0.0
output:888121,3,0.0,0.0
output:887820,3,0.0,0.0
output:887824,3,0.0,0.0
output:888885,3,0.0,0.0
output:888892,3,0.0,0.0
output:888893,3,0.0,0.0
output:888890,3,0.0,0.0
output:888888,3,0.0,0.0
output:645682,3,0.0,0.0
output:645683,3,0.0,0.0
output:645680,3,0.0,0.0
output:645681,3,0.0,0.0
output:645686,3,0.0,0.0
output:645687,3,0.0,0.0
output:645684,3,0.0,0.0
output:645685,3,0.0,0.0
output:645688,3,0.0,0.0
output:768350,3,0.0,0.0
output:768351,3,0.0,0.0
output:768348,3,0.0,0.0
output:768349,3,0.0,0.0
output:768346,3,0.0,0.0
output:768347,3,0.0,0.0
output:768344,3,0.0,0.0
output:768345,3,0.0,0.0
output:768357,3,0.0,0.0
output:768356,3,0.0,0.0
output:768359,3,0.0,0.0
output:768358,3,0.0,0.0
output:768353,3,0.0,0.0
output:768352,3,0.0,0.0
output:768355,3,0.0,0.0
output:768354,3,0.0,0.0
output:890827,3,0.0,0.0
output:890825,3,0.0,0.0
output:768577,3,0.0,0.0
output:768576,3,0.0,0.0
output:768579,3,0.0,0.0
output:768578,3,0.0,0.0
output:768580,3,0.0,0.0
output:768575,3,0.0,0.0
output:223159,3,0.0,0.0
output:223161,3,0.0,0.0
output:223160,3,0.0,0.0
output:223162,3,0.0,0.0
output:223165,3,0.0,0.0
output:223164,3,0.0,0.0
output:223167,3,0.0,0.0
output:223173,3,0.0,0.0
output:223171,3,0.0,0.0
output:223168,3,0.0,0.0
output:223169,3,0.0,0.0
output:223183,3,0.0,0.0
output:223179,3,0.0,0.0
output:223176,3,0.0,0.0
output:223177,3,0.0,0.0
output:223204,3,0.0,0.0
output:768993,3,0.0,0.0
output:768994,3,0.0,0.0
output:768995,3,0.0,0.0
output:768996,3,0.0,0.0
output:645443,3,0.0,0.0
output:645442,3,0.0,0.0
output:645441,3,0.0,0.0
output:645440,3,0.0,0.0
output:645447,3,0.0,0.0
output:645446,3,0.0,0.0
output:645445,3,0.0,0.0
output:645444,3,0.0,0.0
output:645451,3,0.0,0.0
output:645450,3,0.0,0.0
output:645449,3,0.0,0.0
output:645448,3,0.0,0.0
output:645455,3,0.0,0.0
output:645454,3,0.0,0.0
output:645453,3,0.0,0.0
output:645452,3,0.0,0.0
output:627332,3,0.0,0.0
output:627333,3,0.0,0.0
output:627330,3,0.0,0.0
output:254463,3,0.0,0.0
output:254462,3,0.0,0.0
output:574742,3,0.0,0.0
output:574738,3,0.0,0.0
output:574733,3,0.0,0.0
output:574729,3,0.0,0.0
output:574727,3,0.0,0.0
output:574726,3,0.0,0.0
output:574722,3,0.0,0.0
output:574721,3,0.0,0.0
output:736628,3,0.0,0.0
output:736629,3,0.0,0.0
output:736624,3,0.0,0.0
output:736625,3,0.0,0.0
output:736626,3,0.0,0.0
output:736621,3,0.0,0.0
output:736620,3,0.0,0.0
output:627318,3,0.0,0.0
output:627323,3,0.0,0.0
output:627320,3,0.0,0.0
output:627321,3,0.0,0.0
output:627327,3,0.0,0.0
output:627324,3,0.0,0.0
output:627325,3,0.0,0.0
output:667412,3,0.0,0.0
output:667417,3,0.0,0.0
output:667428,3,0.0,0.0
output:667433,3,0.0,0.0
output:667447,3,0.0,0.0
output:667440,3,0.0,0.0
output:667451,3,0.0,0.0
output:667459,3,0.0,0.0
output:667467,3,0.0,0.0
output:667474,3,0.0,0.0
output:667480,3,0.0,0.0
output:667486,3,0.0,0.0
output:667488,3,0.0,0.0
output:667492,3,0.0,0.0
output:575409,3,0.0,0.0
output:575408,3,0.0,0.0
output:575398,3,0.0,0.0
output:575401,3,0.0,0.0
output:575404,3,0.0,0.0
output:254629,3,0.0,0.0
output:254632,3,0.0,0.0
output:856178,3,0.0,0.0
output:856176,3,0.0,0.0
output:856182,3,0.0,0.0
output:254489,3,0.0,0.0
output:254481,3,0.0,0.0
output:254476,3,0.0,0.0
output:254469,3,0.0,0.0
output:857852,3,0.0,0.0
output:857848,3,0.0,0.0
output:857845,3,0.0,0.0
output:224694,3,0.0,0.0
output:224689,3,0.0,0.0
output:224691,3,0.0,0.0
output:224701,3,0.0,0.0
output:224696,3,0.0,0.0
output:224699,3,0.0,0.0
output:224706,3,0.0,0.0
output:224707,3,0.0,0.0
output:736075,3,0.0,0.0
output:736073,3,0.0,0.0
output:736072,3,0.0,0.0
output:736078,3,0.0,0.0
output:736077,3,0.0,0.0
output:736076,3,0.0,0.0
output:736070,3,0.0,0.0
output:736069,3,0.0,0.0
output:736068,3,0.0,0.0
output:255745,3,0.0,0.0
output:255753,3,0.0,0.0
output:255770,3,0.0,0.0
output:255778,3,0.0,0.0
output:736159,3,0.0,0.0
output:255711,3,0.0,0.0
output:255701,3,0.0,0.0
output:255736,3,0.0,0.0
output:255726,3,0.0,0.0
output:255722,3,0.0,0.0
output:372841,3,0.0,0.0
output:1002149,3,0.0,0.0
output:1002147,3,0.0,0.0
output:1002153,3,0.0,0.0
output:130531,3,0.0,0.0
output:130530,3,0.0,0.0
output:130529,3,0.0,0.0
output:130528,3,0.0,0.0
output:130524,3,0.0,0.0
output:130525,3,0.0,0.0
output:130526,3,0.0,0.0
output:130527,3,0.0,0.0
output:373469,3,0.0,0.0
output:304811,3,0.0,0.0
output:304814,3,0.0,0.0
output:304803,3,0.0,0.0
output:304807,3,0.0,0.0
output:304828,3,0.0,0.0
output:304820,3,0.0,0.0
output:129604,3,0.0,0.0
output:129603,3,0.0,0.0
output:1002734,3,0.0,0.0
output:1002729,3,0.0,0.0
output:1002726,3,0.0,0.0
output:1002749,3,0.0,0.0
output:1002745,3,0.0,0.0
output:1002747,3,0.0,0.0
output:1002740,3,0.0,0.0
output:1002737,3,0.0,0.0
output:304361,3,0.0,0.0
output:1002771,3,0.0,0.0
output:304367,3,0.0,0.0
output:304354,3,0.0,0.0
output:304359,3,0.0,0.0
output:1002756,3,0.0,0.0
output:1002762,3,0.0,0.0
output:1002765,3,0.0,0.0
output:28209,3,0.0,0.0
output:28208,3,0.0,0.0
output:28211,3,0.0,0.0
output:28201,3,0.0,0.0
output:28206,3,0.0,0.0
output:306106,3,0.0,0.0
output:28192,3,0.0,0.0
output:28196,3,0.0,0.0
output:306111,3,0.0,0.0
output:28197,3,0.0,0.0
output:28186,3,0.0,0.0
output:28190,3,0.0,0.0
output:28188,3,0.0,0.0
output:28181,3,0.0,0.0
output:28169,3,0.0,0.0
output:28173,3,0.0,0.0
output:28160,3,0.0,0.0
output:28167,3,0.0,0.0
output:28164,3,0.0,0.0
output:923096,3,0.0,0.0
output:923097,3,0.0,0.0
output:923098,3,0.0,0.0
output:923099,3,0.0,0.0
output:923100,3,0.0,0.0
output:923101,3,0.0,0.0
output:923102,3,0.0,0.0
output:923093,3,0.0,0.0
output:923094,3,0.0,0.0
output:923095,3,0.0,0.0
output:306115,3,0.0,0.0
output:306126,3,0.0,0.0
output:306121,3,0.0,0.0
output:306132,3,0.0,0.0
output:306134,3,0.0,0.0
output:306131,3,0.0,0.0
output:306141,3,0.0,0.0
output:306137,3,0.0,0.0
output:306138,3,0.0,0.0
output:816748,3,0.0,0.0
output:816763,3,0.0,0.0
output:816781,3,0.0,0.0
output:816770,3,0.0,0.0
output:816792,3,0.0,0.0
output:28147,3,0.0,0.0
output:28148,3,0.0,0.0
output:28156,3,0.0,0.0
output:28157,3,0.0,0.0
output:27262,3,0.0,0.0
output:27246,3,0.0,0.0
output:27240,3,0.0,0.0
output:27228,3,0.0,0.0
output:27227,3,0.0,0.0
output:27330,3,0.0,0.0
output:27318,3,0.0,0.0
output:27304,3,0.0,0.0
output:27299,3,0.0,0.0
output:27290,3,0.0,0.0
output:27291,3,0.0,0.0
output:27282,3,0.0,0.0
output:27269,3,0.0,0.0
output:922319,3,0.0,0.0
output:922318,3,0.0,0.0
output:922324,3,0.0,0.0
output:922325,3,0.0,0.0
output:922322,3,0.0,0.0
output:922323,3,0.0,0.0
output:922320,3,0.0,0.0
output:922321,3,0.0,0.0
output:967156,3,0.0,0.0
output:967145,3,0.0,0.0
output:967138,3,0.0,0.0
output:967127,3,0.0,0.0
output:493243,3,0.0,0.0
output:493237,3,0.0,0.0
output:338261,3,0.0,0.0
output:338262,3,0.0,0.0
output:493254,3,0.0,0.0
output:493248,3,0.0,0.0
output:913568,3,0.0,0.0
output:913569,3,0.0,0.0
output:913570,3,0.0,0.0
output:913571,3,0.0,0.0
output:913572,3,0.0,0.0
output:913573,3,0.0,0.0
output:913574,3,0.0,0.0
output:913575,3,0.0,0.0
output:913563,3,0.0,0.0
output:913562,3,0.0,0.0
output:913561,3,0.0,0.0
output:913560,3,0.0,0.0
output:913567,3,0.0,0.0
output:913566,3,0.0,0.0
output:913565,3,0.0,0.0
output:913564,3,0.0,0.0
output:913559,3,0.0,0.0
output:913558,3,0.0,0.0
output:913557,3,0.0,0.0
output:913556,3,0.0,0.0
output:339421,3,0.0,0.0
output:339425,3,0.0,0.0
output:339429,3,0.0,0.0
output:339435,3,0.0,0.0
output:339432,3,0.0,0.0
output:533693,3,0.0,0.0
output:533685,3,0.0,0.0
output:533707,3,0.0,0.0
output:533702,3,0.0,0.0
output:533721,3,0.0,0.0
output:533717,3,0.0,0.0
output:533733,3,0.0,0.0
output:533735,3,0.0,0.0
output:533729,3,0.0,0.0
output:533754,3,0.0,0.0
output:533745,3,0.0,0.0
output:533782,3,0.0,0.0
output:533789,3,0.0,0.0
output:533760,3,0.0,0.0
output:533768,3,0.0,0.0
output:533773,3,0.0,0.0
output:533775,3,0.0,0.0
output:533811,3,0.0,0.0
output:533797,3,0.0,0.0
output:533801,3,0.0,0.0
output:533806,3,0.0,0.0
output:63122,3,0.0,0.0
output:414201,3,0.0,0.0
output:460402,3,0.0,0.0
output:413970,3,0.0,0.0
output:413952,3,0.0,0.0
output:413966,3,0.0,0.0
output:413902,3,0.0,0.0
output:704551,3,0.0,0.0
output:413910,3,0.0,0.0
output:413926,3,0.0,0.0
output:413943,3,0.0,0.0
output:459839,3,0.0,0.0
output:62606,3,0.0,0.0
output:459807,3,0.0,0.0
output:62604,3,0.0,0.0
output:62605,3,0.0,0.0
output:62603,3,0.0,0.0
output:62600,3,0.0,0.0
output:62601,3,0.0,0.0
output:459791,3,0.0,0.0
output:459783,3,0.0,0.0
output:459872,3,0.0,0.0
output:494855,3,0.0,0.0
output:494848,3,0.0,0.0
output:494851,3,0.0,0.0
output:494861,3,0.0,0.0
output:494859,3,0.0,0.0
output:494845,3,0.0,0.0
output:494846,3,0.0,0.0
output:1003679,3,0.0,0.0
output:414209,3,0.0,0.0
output:1003684,3,0.0,0.0
output:1003690,3,0.0,0.0
output:62165,3,0.0,0.0
output:62071,3,0.0,0.0
output:459735,3,0.0,0.0
output:459764,3,0.0,0.0
output:494080,3,0.0,0.0
output:494085,3,0.0,0.0
output:494072,3,0.0,0.0
output:494049,3,0.0,0.0
output:494055,3,0.0,0.0
output:494063,3,0.0,0.0
output:494038,3,0.0,0.0
output:494019,3,0.0,0.0
output:494027,3,0.0,0.0
output:494007,3,0.0,0.0
output:494001,3,0.0,0.0
output:494015,3,0.0,0.0
output:493999,3,0.0,0.0
output:493995,3,0.0,0.0
output:493980,3,0.0,0.0
output:372610,3,0.0,0.0
output:372613,3,0.0,0.0
output:372614,3,0.0,0.0
output:372607,3,0.0,0.0
output:61454,3,0.0,0.0
output:61899,3,0.0,0.0
output:61900,3,0.0,0.0
output:61901,3,0.0,0.0
output:61902,3,0.0,0.0
output:61903,3,0.0,0.0
output:372354,3,0.0,0.0
output:372355,3,0.0,0.0
output:372353,3,0.0,0.0
output:372356,3,0.0,0.0
output:372348,3,0.0,0.0
output:372350,3,0.0,0.0
output:372351,3,0.0,0.0
output:372347,3,0.0,0.0
output:225555,-1,-1.0,-1.0
output:260272,-1,-1.0,-1.0
output:792986,4,17.657024348447475,-1.0
output:257059,4,17.657024348447475,17.657024348447475
output:257055,4,17.657024348447475,17.657024348447475
output:374586,4,17.657024348447475,17.657024348447475
output:645394,4,0.0,17.657024348447475
output:645392,4,0.0,0.0
output:645393,4,0.0,0.0
output:132701,4,0.0,0.0
output:132700,4,0.0,0.0
output:28068,4,0.0,0.0
output:63353,4,0.0,0.0
output:493936,4,0.0,0.0
output:260445,-1,-1.0,-1.0
output:225488,-1,-1.0,-1.0
output:175760,5,0.0,-1.0
output:175756,5,0.0,0.0
output:175749,5,0.0,0.0
output:175748,5,0.0,0.0
output:175731,5,0.0,0.0
output:175728,5,0.0,0.0
output:175738,5,0.0,0.0
output:175742,5,0.0,0.0
output:175740,5,0.0,0.0
output:175719,5,0.0,0.0
output:175723,5,0.0,0.0
output:261290,5,0.0,0.0
output:261310,5,0.0,0.0
output:261307,5,0.0,0.0
output:261303,5,0.0,0.0
output:227919,5,0.0,0.0
output:227913,5,0.0,0.0
output:227915,5,0.0,0.0
output:27697,5,0.0,0.0
output:27698,5,0.0,0.0
output:27694,5,0.0,0.0
output:27688,5,0.0,0.0
output:27690,5,0.0,0.0
output:27691,5,0.0,0.0
output:27017,5,0.0,0.0
output:27019,5,0.0,0.0
output:27018,5,0.0,0.0
output:175806,-1,-1.0,-1.0
output:175804,6,0.0,-1.0
output:175799,6,0.0,0.0
output:175809,6,0.0,0.0
output:224646,6,0.0,0.0
output:416155,6,0.0,0.0
output:63993,6,0.0,0.0
output:494648,6,0.0,0.0
output:494661,6,0.0,0.0
output:494666,6,0.0,0.0
output:494670,6,0.0,0.0
output:494678,6,0.0,0.0
output:31516,6,0.0,0.0
output:225535,-1,-1.0,-1.0
output:260379,-1,-1.0,-1.0
output:260373,-1,-1.0,-1.0
output:225424,7,0.0,-1.0
output:174013,7,0.0,0.0
output:174015,7,0.0,0.0
output:174008,7,0.0,0.0
output:174009,7,0.0,0.0
output:174001,7,0.0,0.0
output:646887,7,0.0,0.0
output:645802,7,0.0,0.0
output:645803,7,0.0,0.0
output:645804,7,0.0,0.0
output:645805,7,0.0,0.0
output:645858,7,0.0,0.0
output:223270,7,0.0,0.0
output:223269,7,0.0,0.0
output:223265,7,0.0,0.0
output:223274,7,0.0,0.0
output:223262,7,0.0,0.0
output:223616,7,0.0,0.0
output:254927,7,0.0,0.0
output:254933,7,0.0,0.0
output:254936,7,0.0,0.0
output:254946,7,0.0,0.0
output:537215,7,0.0,0.0
output:496896,7,0.0,0.0
output:131675,7,0.0,0.0
output:305947,7,0.0,0.0
output:339030,7,0.0,0.0
output:339028,7,0.0,0.0
output:28933,7,0.0,0.0
output:28932,7,0.0,0.0
output:28931,7,0.0,0.0
output:63157,7,0.0,0.0
output:63159,7,0.0,0.0
output:63158,7,0.0,0.0
output:61655,7,0.0,0.0
output:61656,7,0.0,0.0
output:175819,-1,-1.0,-1.0
output:175811,-1,-1.0,-1.0
output:225466,-1,-1.0,-1.0
output:225462,-1,-1.0,-1.0
output:175859,8,0.0,-1.0
output:175863,8,0.0,0.0
output:607594,8,0.0,0.0
output:254850,8,0.0,0.0
output:224853,8,0.0,0.0
output:339183,8,0.0,0.0
output:534870,8,0.0,0.0
output:27156,8,17.332845314134662,17.332845314134662
output:30675,8,-1.0,17.780235520716467
output:225444,-1,-1.0,-1.0
output:608231,-1,-1.0,-1.0
output:175660,-1,-1.0,-1.0
output:225300,-1,-1.0,-1.0
output:225308,-1,-1.0,-1.0
output:260528,-1,-1.0,-1.0
output:792715,9,0.0,-1.0
output:792714,9,0.0,0.0
output:607633,9,0.0,0.0
output:671125,9,0.0,0.0
output:982825,9,0.0,0.0
output:982841,9,0.0,0.0
output:982815,9,0.0,0.0
output:890835,9,0.0,0.0
output:890834,9,0.0,0.0
output:805864,9,0.0,0.0
output:805855,9,0.0,0.0
output:255538,9,0.0,0.0
output:255543,9,0.0,0.0
output:374450,9,0.0,0.0
output:306222,9,0.0,0.0
output:260522,-1,-1.0,-1.0
output:607312,10,0.0,-1.0
output:606439,10,0.0,0.0
output:174246,10,0.0,0.0
output:172865,10,0.0,0.0
output:531913,10,0.0,0.0
output:223017,10,0.0,0.0
output:223019,10,0.0,0.0
output:223020,10,0.0,0.0
output:224269,10,0.0,0.0
output:255107,10,0.0,0.0
output:255098,10,0.0,0.0
output:255103,10,0.0,0.0
output:373275,10,0.0,0.0
output:130575,10,0.0,0.0
output:130576,10,0.0,0.0
output:412635,10,0.0,0.0
output:412624,10,0.0,0.0
output:412604,10,0.0,0.0
output:129598,10,0.0,0.0
output:305712,10,0.0,0.0
output:305701,10,0.0,0.0
output:305690,10,0.0,0.0
output:338392,10,0.0,0.0
output:532610,10,0.0,0.0
output:532615,10,0.0,0.0
output:532622,10,0.0,0.0
output:532604,10,0.0,0.0
output:338696,10,0.0,0.0
output:338698,10,0.0,0.0
output:495490,10,0.0,0.0
output:495474,10,0.0,0.0
output:63314,10,0.0,0.0
output:459584,10,0.0,0.0
output:459615,10,0.0,0.0
output:459620,10,0.0,0.0
output:459634,10,0.0,0.0
output:459633,10,0.0,0.0
output:459656,10,0.0,0.0
output:371716,10,0.0,0.0
output:371715,10,0.0,0.0
output:371714,10,0.0,0.0
output:459655,10,0.0,0.0
output:536025,10,0.0,0.0
output:226284,11,0.0,-1.0
output:173066,11,0.0,0.0
output:645311,11,0.0,0.0
output:257855,11,0.0,0.0
output:257858,11,0.0,0.0
output:494415,11,0.0,0.0
output:494405,11,0.0,0.0
output:175530,12,0.0,-1.0
output:175524,12,0.0,0.0
output:175544,12,0.0,0.0
output:175546,12,0.0,0.0
output:175539,12,0.0,0.0
output:175496,12,0.0,0.0
output:175494,12,0.0,0.0
output:175492,12,0.0,0.0
output:175515,12,0.0,0.0
output:175505,12,0.0,0.0
output:175511,12,0.0,0.0
output:175566,12,0.0,0.0
output:175557,12,0.0,0.0
output:175483,12,0.0,0.0
output:227047,12,0.0,0.0
output:227045,12,0.0,0.0
output:227043,12,0.0,0.0
output:227042,12,0.0,0.0
output:227049,12,0.0,0.0
output:227048,12,0.0,0.0
output:227037,12,0.0,0.0
output:227039,12,0.0,0.0
output:227034,12,0.0,0.0
output:257439,12,0.0,0.0
output:257433,12,0.0,0.0
output:257429,12,0.0,0.0
output:257420,12,0.0,0.0
output:645273,12,0.0,0.0
output:645272,12,0.0,0.0
output:645275,12,0.0,0.0
output:645274,12,0.0,0.0
output:26441,12,0.0,0.0
output:26442,12,0.0,0.0
output:26443,12,0.0,0.0
output:27888,12,0.0,0.0
output:27889,12,0.0,0.0
output:27883,12,0.0,0.0
output:27882,12,0.0,0.0
output:27885,12,0.0,0.0
output:27884,12,0.0,0.0
output:27887,12,0.0,0.0
output:27886,12,0.0,0.0
output:498402,12,0.0,0.0
output:498410,12,0.0,0.0
output:498422,12,0.0,0.0
output:498398,12,0.0,0.0
output:498394,12,0.0,0.0
output:30253,12,0.0,0.0
output:416877,12,0.0,0.0
output:416876,12,0.0,0.0
output:416870,12,0.0,0.0
output:669111,13,0.0,-1.0
output:669133,13,0.0,0.0
output:669130,13,0.0,0.0
output:669122,13,0.0,0.0
output:669120,13,0.0,0.0
output:607205,13,0.0,0.0
output:607208,13,0.0,0.0
output:607211,13,0.0,0.0
output:607210,13,0.0,0.0
output:794206,13,0.0,0.0
output:794183,13,0.0,0.0
output:794191,13,0.0,0.0
output:794235,13,0.0,0.0
output:794222,13,0.0,0.0
output:769439,13,0.0,0.0
output:769440,13,0.0,0.0
output:575721,13,0.0,0.0
output:575719,13,0.0,0.0
output:627200,13,0.0,0.0
output:627198,13,0.0,0.0
output:627193,13,0.0,0.0
output:627195,13,0.0,0.0
output:224680,13,0.0,0.0
output:255651,13,0.0,0.0
output:735970,13,0.0,0.0
output:735974,13,0.0,0.0
output:735975,13,0.0,0.0
output:735972,13,0.0,0.0
output:735976,13,0.0,0.0
output:372837,13,0.0,0.0
output:129589,13,0.0,0.0
output:27926,13,0.0,0.0
output:307441,13,0.0,0.0
output:707614,13,0.0,0.0
output:63177,13,0.0,0.0
output:494780,13,0.0,0.0
output:494776,13,0.0,0.0
output:62111,13,0.0,0.0
output:62110,13,0.0,0.0
output:1005468,13,0.0,0.0
output:371950,13,0.0,0.0
output:61666,13,0.0,0.0
output:61667,13,0.0,0.0
output:669092,-1,-1.0,-1.0
output:703570,-1,-1.0,-1.0
output:175564,-1,-1.0,-1.0
output:175559,-1,-1.0,-1.0
output:175572,-1,-1.0,-1.0
output:607435,14,0.0,-1.0
output:173329,14,0.0,0.0
output:256638,14,0.0,0.0
output:133004,14,0.0,0.0
output:304599,14,0.0,0.0
output:64720,14,0.0,0.0
output:64719,14,0.0,0.0
output:533517,14,0.0,0.0
output:703620,-1,-1.0,-1.0
output:703631,-1,-1.0,-1.0
output:703630,-1,-1.0,-1.0
output:175361,-1,-1.0,-1.0
output:175365,-1,-1.0,-1.0
output:226127,-1,-1.0,-1.0
output:703768,-1,-1.0,-1.0
output:175276,15,0.0,-1.0
output:175265,15,0.0,0.0
output:414085,15,0.0,0.0
output:414069,15,0.0,0.0
output:414072,15,0.0,0.0
output:414063,15,0.0,0.0
output:226023,16,0.0,-1.0
output:226022,16,0.0,0.0
output:226021,16,0.0,0.0
output:226019,16,0.0,0.0
output:226017,16,0.0,0.0
output:173602,16,0.0,0.0
output:173610,16,0.0,0.0
output:173608,16,0.0,0.0
output:259429,16,0.0,0.0
output:259442,16,0.0,0.0
output:532362,16,0.0,0.0
output:532375,16,0.0,0.0
output:532370,16,0.0,0.0
output:576956,16,0.0,0.0
output:574944,16,0.0,0.0
output:374526,16,0.0,0.0
output:498822,16,0.0,0.0
output:415815,16,0.0,0.0
output:415823,16,0.0,0.0
output:415794,16,0.0,0.0
output:415802,16,0.0,0.0
output:415807,16,0.0,0.0
output:415786,16,0.0,0.0
output:415788,16,0.0,0.0
output:532844,16,0.0,0.0
output:61957,16,0.0,0.0
output:535744,16,0.0,0.0
output:31298,16,2.5563044687944285,2.5563044687944285
output:260917,-1,-1.0,-1.0
output:175154,-1,-1.0,-1.0
output:175162,-1,-1.0,-1.0
output:225891,-1,-1.0,-1.0
output:703903,17,0.0,-1.0
output:703905,17,0.0,0.0
output:703907,17,0.0,0.0
output:703909,17,0.0,0.0
output:703913,17,0.0,0.0
output:703912,17,0.0,0.0
output:703914,17,0.0,0.0
output:855725,17,0.0,0.0
output:173584,17,0.0,0.0
output:172943,17,0.0,0.0
output:670031,17,0.0,0.0
output:670021,17,0.0,0.0
output:670017,17,0.0,0.0
output:670044,17,0.0,0.0
output:646629,17,0.0,0.0
output:645800,17,0.0,0.0
output:645795,17,0.0,0.0
output:645798,17,0.0,0.0
output:645799,17,0.0,0.0
output:645796,17,0.0,0.0
output:645797,17,0.0,0.0
output:222637,17,0.0,0.0
output:223206,17,0.0,0.0
output:857038,17,0.0,0.0
output:857032,17,0.0,0.0
output:667268,17,0.0,0.0
output:891037,17,0.0,0.0
output:891032,17,0.0,0.0
output:891035,17,0.0,0.0
output:891034,17,0.0,0.0
output:891028,17,0.0,0.0
output:891031,17,0.0,0.0
output:891027,17,0.0,0.0
output:891026,17,0.0,0.0
output:856256,17,0.0,0.0
output:856254,17,0.0,0.0
output:856253,17,0.0,0.0
output:856252,17,0.0,0.0
output:736956,17,0.0,0.0
output:736954,17,0.0,0.0
output:736949,17,0.0,0.0
output:736947,17,0.0,0.0
output:255145,17,0.0,0.0
output:628696,17,0.0,0.0
output:255138,17,0.0,0.0
output:736118,17,0.0,0.0
output:736132,17,0.0,0.0
output:736129,17,0.0,0.0
output:736137,17,0.0,0.0
output:373106,17,0.0,0.0
output:373105,17,0.0,0.0
output:131405,17,0.0,0.0
output:923890,17,0.0,0.0
output:923891,17,0.0,0.0
output:923892,17,0.0,0.0
output:923893,17,0.0,0.0
output:770385,17,0.0,0.0
output:770387,17,0.0,0.0
output:770389,17,0.0,0.0
output:770391,17,0.0,0.0
output:770393,17,0.0,0.0
output:770396,17,0.0,0.0
output:770398,17,0.0,0.0
output:533966,17,0.0,0.0
output:607701,18,0.0,-1.0
output:888562,18,0.0,0.0
output:888563,18,0.0,0.0
output:736018,18,0.0,0.0
output:1002470,18,0.0,0.0
output:1002473,18,0.0,0.0
output:306535,18,0.0,0.0
output:306542,18,0.0,0.0
output:306545,18,0.0,0.0
output:225878,19,0.0,-1.0
output:223402,19,0.0,0.0
output:223403,19,0.0,0.0
output:223398,19,0.0,0.0
output:223394,19,0.0,0.0
output:223395,19,0.0,0.0
output:223393,19,0.0,0.0
output:628509,19,0.0,0.0
output:703953,-1,-1.0,-1.0
output:175169,-1,-1.0,-1.0
output:226719,20,0.0,-1.0
output:226726,20,0.0,0.0
output:226723,20,0.0,0.0
output:226722,20,0.0,0.0
output:226732,20,0.0,0.0
output:226728,20,0.0,0.0
output:226731,20,0.0,0.0
output:226738,20,0.0,0.0
output:629498,20,0.0,0.0
output:629503,20,0.0,0.0
output:629500,20,0.0,0.0
output:629506,20,0.0,0.0
output:629504,20,0.0,0.0
output:645982,20,0.0,0.0
output:645983,20,0.0,0.0
output:645980,20,0.0,0.0
output:645981,20,0.0,0.0
output:645988,20,0.0,0.0
output:645985,20,0.0,0.0
output:645984,20,0.0,0.0
output:645987,20,0.0,0.0
output:645986,20,0.0,0.0
output:176211,20,0.0,0.0
output:176238,20,0.0,0.0
output:176229,20,0.0,0.0
output:176225,20,0.0,0.0
output:176254,20,0.0,0.0
output:176259,20,0.0,0.0
output:176260,20,0.0,0.0
output:176274,20,0.0,0.0
output:176277,20,0.0,0.0
output:176279,20,0.0,0.0
output:176281,20,0.0,0.0
output:606759,-1,-1.0,-1.0
output:175100,-1,-1.0,-1.0
output:174978,21,0.0,-1.0
output:174969,21,0.0,0.0
output:256116,21,0.0,0.0
output:496690,21,0.0,0.0
output:496679,21,0.0,0.0
output:496673,21,0.0,0.0
output:130909,21,0.0,0.0
output:130911,21,0.0,0.0
output:130910,21,0.0,0.0
output:130912,21,0.0,0.0
output:414400,21,0.0,0.0
output:226760,22,0.0,-1.0
output:172839,22,0.0,0.0
output:645917,22,0.0,0.0
output:257956,22,0.0,0.0
output:626888,22,0.0,0.0
output:575235,22,0.0,0.0
output:626885,22,0.0,0.0
output:626886,22,0.0,0.0
output:626883,22,0.0,0.0
output:414016,22,0.0,0.0
output:32119,22,0.0,0.0
output:62480,22,0.0,0.0
output:606829,23,0.0,-1.0
output:174707,23,0.0,0.0
output:174705,23,0.0,0.0
output:174696,23,0.0,0.0
output:174703,23,0.0,0.0
output:174694,23,0.0,0.0
output:606597,23,0.0,0.0
output:532157,23,0.0,0.0
output:532148,23,0.0,0.0
output:222560,23,0.0,0.0
output:222559,23,0.0,0.0
output:222557,23,0.0,0.0
output:575122,23,0.0,0.0
output:575124,23,0.0,0.0
output:575128,23,0.0,0.0
output:575130,23,0.0,0.0
output:224404,23,0.0,0.0
output:224400,23,0.0,0.0
output:224403,23,0.0,0.0
output:224408,23,0.0,0.0
output:255229,23,0.0,0.0
output:132259,23,0.0,0.0
output:132258,23,0.0,0.0
output:304701,23,0.0,0.0
output:27831,23,0.0,0.0
output:27519,23,0.0,0.0
output:27521,23,0.0,0.0
output:339634,23,0.0,0.0
output:339643,23,0.0,0.0
output:414117,23,0.0,0.0
output:62696,23,0.0,0.0
output:62697,23,0.0,0.0
output:62698,23,0.0,0.0
output:62699,23,0.0,0.0
output:62700,23,0.0,0.0
output:62694,23,0.0,0.0
output:62695,23,0.0,0.0
output:493638,23,0.0,0.0
output:668225,23,0.0,3.615050421996041
output:668207,23,0.0,0.0
output:668202,23,0.0,0.0
output:668198,23,0.0,0.0
output:668194,23,0.0,0.0
output:668218,23,0.0,0.0
output:668213,23,0.0,0.0
output:668168,23,0.0,0.0
output:668189,23,0.0,0.0
output:668183,23,0.0,0.0
output:668177,23,0.0,0.0
output:668122,23,0.0,0.0
output:668098,23,0.0,0.0
output:668109,23,0.0,0.0
output:668144,23,0.0,0.0
output:668155,23,0.0,0.0
output:668135,23,0.0,0.0
output:668063,23,0.0,0.0
output:668083,23,0.0,0.0
output:668087,23,0.0,0.0
output:668092,23,0.0,0.0
output:668067,23,0.0,0.0
output:668079,23,0.0,0.0
output:606636,23,0.0,0.0
output:606639,23,0.0,0.0
output:606633,23,0.0,0.0
output:606632,23,0.0,0.0
output:606645,23,0.0,0.0
output:606642,23,0.0,0.0
output:174131,23,0.0,0.0
output:174130,23,0.0,0.0
output:174129,23,0.0,0.0
output:174134,23,0.0,0.0
output:174120,23,0.0,0.0
output:174121,23,0.0,0.0
output:174127,23,0.0,0.0
output:174124,23,0.0,0.0
output:174125,23,0.0,0.0
output:172872,23,0.0,0.0
output:172924,23,0.0,0.0
output:531715,23,0.0,0.0
output:531719,23,0.0,0.0
output:531951,23,0.0,0.0
output:531941,23,0.0,0.0
output:531942,23,0.0,0.0
output:531938,23,0.0,0.0
output:531966,23,0.0,0.0
output:531962,23,0.0,0.0
output:531935,23,0.0,0.0
output:531930,23,0.0,0.0
output:531927,23,0.0,0.0
output:531708,23,0.0,0.0
output:531704,23,0.0,0.0
output:531701,23,0.0,0.0
output:531697,23,0.0,0.0
output:531693,23,0.0,0.0
output:532317,23,0.0,0.0
output:532329,23,0.0,0.0
output:532335,23,0.0,0.0
output:532338,23,0.0,0.0
output:532345,23,0.0,0.0
output:532351,23,0.0,0.0
output:532361,23,0.0,0.0
output:532355,23,0.0,0.0
output:531991,23,0.0,0.0
output:531972,23,0.0,0.0
output:531982,23,0.0,0.0
output:532022,23,0.0,0.0
output:532025,23,0.0,0.0
output:532015,23,0.0,0.0
output:532012,23,0.0,0.0
output:888054,23,0.0,0.0
output:888055,23,0.0,0.0
output:888058,23,0.0,0.0
output:888056,23,0.0,0.0
output:888057,23,0.0,0.0
output:646733,23,0.0,0.0
output:646735,23,0.0,0.0
output:646734,23,0.0,0.0
output:646748,23,0.0,0.0
output:646744,23,0.0,0.0
output:646745,23,0.0,0.0
output:646746,23,0.0,0.0
output:646747,23,0.0,0.0
output:646740,23,0.0,0.0
output:646741,23,0.0,0.0
output:646742,23,0.0,0.0
output:646743,23,0.0,0.0
output:646736,23,0.0,0.0
output:646737,23,0.0,0.0
output:646738,23,0.0,0.0
output:646739,23,0.0,0.0
output:889125,23,0.0,0.0
output:889124,23,0.0,0.0
output:889126,23,0.0,0.0
output:889120,23,0.0,0.0
output:889123,23,0.0,0.0
output:889122,23,0.0,0.0
output:889129,23,0.0,0.0
output:889128,23,0.0,0.0
output:889130,23,0.0,0.0
output:889119,23,0.0,0.0
output:889117,23,0.0,0.0
output:889115,23,0.0,0.0
output:889112,23,0.0,0.0
output:889113,23,0.0,0.0
output:222628,23,0.0,0.0
output:222624,23,0.0,0.0
output:222613,23,0.0,0.0
output:222621,23,0.0,0.0
output:222618,23,0.0,0.0
output:222617,23,0.0,0.0
output:222688,23,0.0,0.0
output:222690,23,0.0,0.0
output:222692,23,0.0,0.0
output:222694,23,0.0,0.0
output:222696,23,0.0,0.0
output:222698,23,0.0,0.0
output:222700,23,0.0,0.0
output:222702,23,0.0,0.0
output:222705,23,0.0,0.0
output:222704,23,0.0,0.0
output:222707,23,0.0,0.0
output:222686,23,0.0,0.0
output:222746,23,0.0,0.0
output:222748,23,0.0,0.0
output:222750,23,0.0,0.0
output:222742,23,0.0,0.0
output:222752,23,0.0,0.0
output:645550,23,0.0,0.0
output:645534,23,0.0,0.0
output:645533,23,0.0,0.0
output:645532,23,0.0,0.0
output:645531,23,0.0,0.0
output:645530,23,0.0,0.0
output:645529,23,0.0,0.0
output:645528,23,0.0,0.0
output:645527,23,0.0,0.0
output:645526,23,0.0,0.0
output:645525,23,0.0,0.0
output:645524,23,0.0,0.0
output:645523,23,0.0,0.0
output:645522,23,0.0,0.0
output:645521,23,0.0,0.0
output:645520,23,0.0,0.0
output:645518,23,0.0,0.0
output:645519,23,0.0,0.0
output:645516,23,0.0,0.0
output:645517,23,0.0,0.0
output:645514,23,0.0,0.0
output:645515,23,0.0,0.0
output:223175,23,0.0,0.0
output:223172,23,0.0,0.0
output:223182,23,0.0,0.0
output:223178,23,0.0,0.0
output:223184,23,0.0,0.0
output:223052,23,0.0,0.0
output:223050,23,0.0,0.0
output:223070,23,0.0,0.0
output:223069,23,0.0,0.0
output:223066,23,0.0,0.0
output:223065,23,0.0,0.0
output:223062,23,0.0,0.0
output:223060,23,0.0,0.0
output:223059,23,0.0,0.0
output:223057,23,0.0,0.0
output:223080,23,0.0,0.0
output:223077,23,0.0,0.0
output:223073,23,0.0,0.0
output:223075,23,0.0,0.0
output:627359,23,0.0,0.0
output:627358,23,0.0,0.0
output:627374,23,0.0,0.0
output:627372,23,0.0,0.0
output:627373,23,0.0,0.0
output:627370,23,0.0,0.0
output:627371,23,0.0,0.0
output:627368,23,0.0,0.0
output:627369,23,0.0,0.0
output:627366,23,0.0,0.0
output:627365,23,0.0,0.0
output:627362,23,0.0,0.0
output:627363,23,0.0,0.0
output:627360,23,0.0,0.0
output:627361,23,0.0,0.0
output:574970,23,0.0,0.0
output:574537,23,0.0,0.0
output:574540,23,0.0,0.0
output:223605,23,0.0,0.0
output:223607,23,0.0,0.0
output:223612,23,0.0,0.0
output:574532,23,0.0,0.0
output:223613,23,0.0,0.0
output:574535,23,0.0,0.0
output:574552,23,0.0,0.0
output:574546,23,0.0,0.0
output:574549,23,0.0,0.0
output:223697,23,0.0,0.0
output:223702,23,0.0,0.0
output:574647,23,0.0,0.0
output:223628,23,0.0,0.0
output:574644,23,0.0,0.0
output:574643,23,0.0,0.0
output:223626,23,0.0,0.0
output:223627,23,0.0,0.0
output:223624,23,0.0,0.0
output:223625,23,0.0,0.0
output:223620,23,0.0,0.0
output:223621,23,0.0,0.0
output:223618,23,0.0,0.0
output:223617,23,0.0,0.0
output:575336,23,0.0,0.0
output:575332,23,0.0,0.0
output:575327,23,0.0,0.0
output:223853,23,0.0,0.0
output:223860,23,0.0,0.0
output:223856,23,0.0,0.0
output:223866,23,0.0,0.0
output:223864,23,0.0,0.0
output:626802,23,0.0,0.0
output:626803,23,0.0,0.0
output:626800,23,0.0,0.0
output:626791,23,0.0,0.0
output:626790,23,0.0,0.0
output:626788,23,0.0,0.0
output:626785,23,0.0,0.0
output:626799,23,0.0,0.0
output:626797,23,0.0,0.0
output:626795,23,0.0,0.0
output:626793,23,0.0,0.0
output:626773,23,0.0,0.0
output:626775,23,0.0,0.0
output:626768,23,0.0,0.0
output:626781,23,0.0,0.0
output:626777,23,0.0,0.0
output:626778,23,0.0,0.0
output:626759,23,0.0,0.0
output:626761,23,0.0,0.0
output:626762,23,0.0,0.0
output:224008,23,0.0,0.0
output:574984,23,0.0,0.0
output:574989,23,0.0,0.0
output:574976,23,0.0,0.0
output:574980,23,0.0,0.0
output:254554,23,0.0,0.0
output:254549,23,0.0,0.0
output:254543,23,0.0,0.0
output:254531,23,0.0,0.0
output:254574,23,0.0,0.0
output:254570,23,0.0,0.0
output:254567,23,0.0,0.0
output:254560,23,0.0,0.0
output:254486,23,0.0,0.0
output:254472,23,0.0,0.0
output:254479,23,0.0,0.0
output:254464,23,0.0,0.0
output:254504,23,0.0,0.0
output:255440,23,0.0,0.0
output:255269,23,0.0,0.0
output:255280,23,0.0,0.0
output:255283,23,0.0,0.0
output:255294,23,0.0,0.0
output:255289,23,0.0,0.0
output:255291,23,0.0,0.0
output:255237,23,0.0,0.0
output:255251,23,0.0,0.0
output:255260,23,0.0,0.0
output:255336,23,0.0,0.0
output:255302,23,0.0,0.0
output:255312,23,0.0,0.0
output:255326,23,0.0,0.0
output:255324,23,0.0,0.0
output:255228,23,0.0,0.0
output:255744,23,0.0,0.0
output:255755,23,0.0,0.0
output:255760,23,0.0,0.0
output:255775,23,0.0,0.0
output:255773,23,0.0,0.0
output:255741,23,0.0,0.0
output:255725,23,0.0,0.0
output:130402,23,0.0,0.0
output:130403,23,0.0,0.0
output:130400,23,0.0,0.0
output:130401,23,0.0,0.0
output:130389,23,0.0,0.0
output:130388,23,0.0,0.0
output:130391,23,0.0,0.0
output:130393,23,0.0,0.0
output:130392,23,0.0,0.0
output:130395,23,0.0,0.0
output:130394,23,0.0,0.0
output:130397,23,0.0,0.0
output:130396,23,0.0,0.0
output:130399,23,0.0,0.0
output:130398,23,0.0,0.0
output:26376,23,0.0,0.0
output:26377,23,0.0,0.0
output:373342,23,0.0,0.0
output:373340,23,0.0,0.0
output:373335,23,0.0,0.0
output:373334,23,0.0,0.0
output:373333,23,0.0,0.0
output:373332,23,0.0,0.0
output:373331,23,0.0,0.0
output:373330,23,0.0,0.0
output:130839,23,0.0,0.0
output:304966,23,0.0,0.0
output:304962,23,0.0,0.0
output:304969,23,0.0,0.0
output:304944,23,0.0,0.0
output:304951,23,0.0,0.0
output:412790,23,0.0,0.0
output:304957,23,0.0,0.0
output:304930,23,0.0,0.0
output:304936,23,0.0,0.0
output:304940,23,0.0,0.0
output:304941,23,0.0,0.0
output:304916,23,0.0,0.0
output:304922,23,0.0,0.0
output:412852,23,0.0,0.0
output:412861,23,0.0,0.0
output:412839,23,0.0,0.0
output:305110,23,0.0,0.0
output:412807,23,0.0,0.0
output:305096,23,0.0,0.0
output:412814,23,0.0,0.0
output:305090,23,0.0,0.0
output:305084,23,0.0,0.0
output:305076,23,0.0,0.0
output:305067,23,0.0,0.0
output:305070,23,0.0,0.0
output:129506,23,0.0,0.0
output:304229,23,0.0,0.0
output:304233,23,0.0,0.0
output:304242,23,0.0,0.0
output:304143,23,0.0,0.0
output:304141,23,0.0,0.0
output:28187,23,0.0,0.0
output:28185,23,0.0,0.0
output:28191,23,0.0,0.0
output:28177,23,0.0,0.0
output:28180,23,0.0,0.0
output:28171,23,0.0,0.0
output:28168,23,0.0,0.0
output:28163,23,0.0,0.0
output:305666,23,0.0,0.0
output:305665,23,0.0,0.0
output:305608,23,0.0,0.0
output:305611,23,0.0,0.0
output:305622,23,0.0,0.0
output:305630,23,0.0,0.0
output:305638,23,0.0,0.0
output:305644,23,0.0,0.0
output:305650,23,0.0,0.0
output:305659,23,0.0,0.0
output:305656,23,0.0,0.0
output:305451,23,0.0,0.0
output:305448,23,0.0,0.0
output:305445,23,0.0,0.0
output:305442,23,0.0,0.0
output:305471,23,0.0,0.0
output:305466,23,0.0,0.0
output:305459,23,0.0,0.0
output:305480,23,0.0,0.0
output:305475,23,0.0,0.0
output:28097,23,0.0,0.0
output:28099,23,0.0,0.0
output:28104,23,0.0,0.0
output:28106,23,0.0,0.0
output:28109,23,0.0,0.0
output:28111,23,0.0,0.0
output:28115,23,0.0,0.0
output:28118,23,0.0,0.0
output:28124,23,0.0,0.0
output:28126,23,0.0,0.0
output:28129,23,0.0,0.0
output:28128,23,0.0,0.0
output:28134,23,0.0,0.0
output:28138,23,0.0,0.0
output:28143,23,0.0,0.0
output:28150,23,0.0,0.0
output:28154,23,0.0,0.0
output:28155,23,0.0,0.0
output:28159,23,0.0,0.0
output:815691,23,0.0,0.0
output:815706,23,0.0,0.0
output:815705,23,0.0,0.0
output:815711,23,0.0,0.0
output:815709,23,0.0,0.0
output:815699,23,0.0,0.0
output:815703,23,0.0,0.0
output:815720,23,0.0,0.0
output:815721,23,0.0,0.0
output:815726,23,0.0,0.0
output:815712,23,0.0,0.0
output:815715,23,0.0,0.0
output:815716,23,0.0,0.0
output:815717,23,0.0,0.0
output:815737,23,0.0,0.0
output:815740,23,0.0,0.0
output:815732,23,0.0,0.0
output:493483,23,0.0,0.0
output:493473,23,0.0,0.0
output:493479,23,0.0,0.0
output:493499,23,0.0,0.0
output:493498,23,0.0,0.0
output:493489,23,0.0,0.0
output:493494,23,0.0,0.0
output:493512,23,0.0,0.0
output:493506,23,0.0,0.0
output:493532,23,0.0,0.0
output:493529,23,0.0,0.0
output:493521,23,0.0,0.0
output:493540,23,0.0,0.0
output:493558,23,0.0,0.0
output:493553,23,0.0,0.0
output:533491,23,0.0,0.0
output:533503,23,0.0,0.0
output:338314,23,0.0,0.0
output:493149,23,0.0,0.0
output:493173,23,0.0,0.0
output:493156,23,0.0,0.0
output:493167,23,0.0,0.0
output:532685,23,0.0,0.0
output:338467,23,0.0,0.0
output:532545,23,0.0,0.0
output:532522,23,0.0,0.0
output:532532,23,0.0,0.0
output:533512,23,0.0,0.0
output:460376,23,0.0,0.0
output:63471,23,0.0,0.0
output:63468,23,0.0,0.0
output:63469,23,0.0,0.0
output:63460,23,0.0,0.0
output:371682,23,0.0,0.0
output:371680,23,0.0,0.0
output:371681,23,0.0,0.0
output:371679,23,0.0,0.0
output:62469,23,0.0,0.0
output:62468,23,0.0,0.0
output:494819,23,0.0,0.0
output:62112,23,0.0,0.0
output:62113,23,0.0,0.0
output:62114,23,0.0,0.0
output:494512,23,0.0,0.0
output:62115,23,0.0,0.0
output:62116,23,0.0,0.0
output:62117,23,0.0,0.0
output:62118,23,0.0,0.0
output:62119,23,0.0,0.0
output:62120,23,0.0,0.0
output:62121,23,0.0,0.0
output:62123,23,0.0,0.0
output:62125,23,0.0,0.0
output:62126,23,0.0,0.0
output:62127,23,0.0,0.0
output:62129,23,0.0,0.0
output:62128,23,0.0,0.0
output:494504,23,0.0,0.0
output:494346,23,0.0,0.0
output:494294,23,0.0,0.0
output:494289,23,0.0,0.0
output:494301,23,0.0,0.0
output:494307,23,0.0,0.0
output:62462,23,0.0,0.0
output:62461,23,0.0,0.0
output:494319,23,0.0,0.0
output:62460,23,0.0,0.0
output:494325,23,0.0,0.0
output:494333,23,0.0,0.0
output:494332,23,0.0,0.0
output:61575,23,0.0,0.0
output:61580,23,0.0,0.0
output:61578,23,0.0,0.0
output:61579,23,0.0,0.0
output:61576,23,0.0,0.0
output:61577,23,0.0,0.0
output:372329,23,0.0,0.0
output:372328,23,0.0,0.0
output:493610,23,0.0,0.0
output:493629,23,0.0,0.0
output:493616,23,0.0,0.0
output:493568,23,0.0,0.0
output:668563,24,0.0,-1.0
output:668574,24,0.0,0.0
output:668568,24,0.0,0.0
output:769071,24,0.0,0.0
output:769068,24,0.0,0.0
output:769074,24,0.0,0.0
output:769073,24,0.0,0.0
output:769079,24,0.0,0.0
output:769077,24,0.0,0.0
output:889372,24,0.0,0.0
output:889375,24,0.0,0.0
output:889378,24,0.0,0.0
output:856546,24,0.0,0.0
output:856548,24,0.0,0.0
output:856551,24,0.0,0.0
output:856557,24,0.0,0.0
output:856564,24,0.0,0.0
output:856572,24,0.0,0.0
output:735868,24,0.0,0.0
output:1005639,24,0.0,0.0
output:339289,24,0.0,0.0
output:339282,24,0.0,0.0
output:339286,24,0.0,0.0
output:705195,24,0.0,0.0
output:705198,24,0.0,0.0
output:705184,24,0.0,0.0
output:796409,24,0.0,0.0
output:626658,-1,-1.0,-1.0
output:668513,-1,-1.0,-1.0
output:626641,-1,-1.0,-1.0
output:226603,-1,-1.0,-1.0
output:626639,-1,-1.0,-1.0
output:626637,-1,-1.0,-1.0
output:174861,-1,-1.0,-1.0
output:174848,-1,-1.0,-1.0
output:668452,-1,-1.0,-1.0
output:174895,-1,-1.0,-1.0
output:174810,-1,-1.0,-1.0
output:174812,-1,-1.0,-1.0
output:226513,-1,-1.0,-1.0
output:174723,25,0.0,-1.0
output:174729,25,0.0,0.0
output:174728,25,0.0,0.0
output:223246,25,0.0,0.0
output:223243,25,0.0,0.0
output:535743,25,0.0,0.0
output:535735,25,0.0,0.0
output:372349,25,0.0,0.0
output:26996,25,18.472726115515385,18.472726115515385
output:308516,25,18.472726115515385,18.472726115515385
output:174770,-1,-1.0,-1.0
output:174771,-1,-1.0,-1.0
output:174768,-1,-1.0,-1.0
output:261501,-1,-1.0,-1.0
output:226530,-1,-1.0,-1.0
output:174684,-1,-1.0,-1.0
output:626417,-1,-1.0,-1.0
output:703484,26,0.0,-1.0
output:174511,26,0.0,0.0
output:671150,26,0.0,0.0
output:260034,26,0.0,0.0
output:890846,26,0.0,0.0
output:768606,26,0.0,0.0
output:857825,26,0.0,0.0
output:225112,26,0.0,0.0
output:255556,26,0.0,0.0
output:413317,26,0.0,0.0
output:134267,26,0.0,0.0
output:134266,26,0.0,0.0
output:739960,26,0.0,0.0
output:739963,26,0.0,0.0
output:493941,26,0.0,0.0
output:493930,26,0.0,0.0
output:493925,26,0.0,0.0
output:607109,-1,-1.0,-1.0
output:226358,-1,-1.0,-1.0
output:174621,27,0.0,-1.0
output:174614,27,0.0,0.0
output:627216,27,0.0,0.0
output:627213,27,0.0,0.0
output:627209,27,0.0,0.0
output:627211,27,0.0,0.0
output:174617,28,0.0,-1.0
output:224295,28,0.0,0.0
output:224293,28,0.0,0.0
output:224292,28,0.0,0.0
output:497266,28,0.0,0.0
output:497249,28,0.0,0.0
output:497261,28,0.0,0.0
output:497263,28,0.0,0.0
output:497256,28,0.0,0.0
output:497244,28,0.0,0.0
output:174615,29,0.0,-1.0
output:309948,29,0.0,0.0
output:309932,29,0.0,0.0
output:309934,29,0.0,0.0
output:309971,29,0.0,0.0
output:309963,29,0.0,0.0
output:670901,29,17.88313836593232,17.88313836593232
output:938055,29,17.88313836593232,17.88313836593232
output:1004594,29,17.88313836593232,17.88313836593232
output:668217,-1,-1.0,-1.0
output:226383,30,0.0,-1.0
output:173683,30,0.0,0.0
output:258399,30,0.0,0.0
output:373308,30,0.0,0.0
output:130960,30,0.0,0.0
output:29254,30,0.0,0.0
output:254917,30,11.039875953562438,11.039875953562438
output:254914,30,11.039875953562438,11.039875953562438
output:225269,30,11.039875953562438,11.039875953562438
output:225271,30,11.039875953562438,11.039875953562438
output:225272,30,11.039875953562438,11.039875953562438
output:174598,-1,-1.0,-1.0
output:226423,-1,-1.0,-1.0
output:174626,-1,-1.0,-1.0
output:174509,-1,-1.0,-1.0
output:174516,-1,-1.0,-1.0
output:174478,31,0.0,-1.0
output:889790,31,0.0,0.0
output:646632,31,0.0,0.0
output:372770,31,0.0,0.0
output:373477,31,0.0,0.0
output:923351,31,0.0,0.0
output:64055,31,0.0,0.0
output:309979,31,0.0,0.0
output:261800,32,0.0,-1.0
output:261797,32,0.0,0.0
output:667929,32,0.0,0.0
output:667918,32,0.0,0.0
output:667941,32,0.0,0.0
output:173849,32,0.0,0.0
output:804589,32,0.0,0.0
output:804582,32,0.0,0.0
output:804595,32,0.0,0.0
output:804575,32,0.0,0.0
output:224094,32,0.0,0.0
output:224093,32,0.0,0.0
output:1003318,32,0.0,0.0
output:1003316,32,0.0,0.0
output:1003314,32,0.0,0.0
output:306352,32,0.0,0.0
output:306348,32,0.0,0.0
output:64551,32,0.0,0.0
output:64552,32,0.0,0.0
output:533622,32,0.0,0.0
output:533618,32,0.0,0.0
output:533629,32,0.0,0.0
output:494731,32,0.0,0.0
output:494740,32,0.0,0.0
output:372728,32,0.0,0.0
output:372727,32,0.0,0.0
output:372725,32,0.0,0.0
output:174381,-1,-1.0,-1.0
output:794562,-1,-1.0,-1.0
output:174373,-1,-1.0,-1.0
output:174374,-1,-1.0,-1.0
output:174384,-1,-1.0,-1.0
output:174265,-1,-1.0,-1.0
output:174240,-1,-1.0,-1.0
output:702914,-1,-1.0,-1.0
output:174177,33,0.0,-1.0
output:629003,33,0.0,0.0
output:629002,33,0.0,0.0
output:629001,33,0.0,0.0
output:629004,33,0.0,0.0
output:30940,33,0.0,0.0
output:226833,34,0.0,-1.0
output:226829,34,0.0,0.0
output:226830,34,0.0,0.0
output:254497,34,0.0,0.0
output:536581,34,0.0,0.0
output:129992,34,0.0,0.0
output:536574,34,0.0,0.0
output:226825,-1,-1.0,-1.0
output:174150,35,0.0,-1.0
output:174144,35,0.0,0.0
output:174146,35,0.0,0.0
output:257014,35,0.0,0.0
output:69035,35,0.0,0.0
output:308776,35,0.0,0.0
output:308780,35,0.0,0.0
output:308786,35,0.0,0.0
output:308790,35,0.0,0.0
output:308796,35,0.0,0.0
output:174147,-1,-1.0,-1.0
output:174137,36,0.0,-1.0
output:174133,36,0.0,0.0
output:174122,36,0.0,0.0
output:174118,36,0.0,0.0
output:172893,36,0.0,0.0
output:172897,36,0.0,0.0
output:223188,36,0.0,0.0
output:223056,36,0.0,0.0
output:574974,36,0.0,0.0
output:223609,36,0.0,0.0
output:223615,36,0.0,0.0
output:574646,36,0.0,0.0
output:254539,36,0.0,0.0
output:254535,36,0.0,0.0
output:254493,36,0.0,0.0
output:254527,36,0.0,0.0
output:254517,36,0.0,0.0
output:254506,36,0.0,0.0
output:254502,36,0.0,0.0
output:255241,36,0.0,0.0
output:493515,36,0.0,0.0
output:493142,36,0.0,0.0
output:338230,36,0.0,0.0
output:338229,36,0.0,0.0
output:338687,36,0.0,0.0
output:338749,36,0.0,0.0
output:338689,36,0.0,0.0
output:338952,36,0.0,0.0
output:338951,36,0.0,0.0
output:460309,36,0.0,0.0
output:460299,36,0.0,0.0
output:460330,36,0.0,0.0
output:460334,36,0.0,0.0
output:460354,36,0.0,0.0
output:460258,36,0.0,0.0
output:460275,36,0.0,0.0
output:494510,36,0.0,0.0
output:494367,36,0.0,0.0
output:494353,36,0.0,0.0
output:494312,36,0.0,0.0
output:174123,37,0.0,-1.0
output:174119,37,0.0,0.0
output:172894,37,0.0,0.0
output:172883,37,0.0,0.0
output:172875,37,0.0,0.0
output:172869,37,0.0,0.0
output:172915,37,0.0,0.0
output:172908,37,0.0,0.0
output:172901,37,0.0,0.0
output:172947,37,0.0,0.0
output:172959,37,0.0,0.0
output:172953,37,0.0,0.0
output:172934,37,0.0,0.0
output:172930,37,0.0,0.0
output:172928,37,0.0,0.0
output:172942,37,0.0,0.0
output:172980,37,0.0,0.0
output:172983,37,0.0,0.0
output:172978,37,0.0,0.0
output:172988,37,0.0,0.0
output:172964,37,0.0,0.0
output:172967,37,0.0,0.0
output:172972,37,0.0,0.0
output:373337,37,0.0,0.0
output:533488,37,0.0,0.0
output:533498,37,0.0,0.0
output:532559,37,0.0,0.0
output:532552,37,0.0,0.0
output:532538,37,0.0,0.0
output:533505,37,0.0,0.0
output:63476,37,0.0,0.0
output:63473,37,0.0,0.0
output:63466,37,0.0,0.0
output:63463,37,0.0,0.0
output:62466,37,0.0,0.0
output:62464,37,0.0,0.0
output:174107,-1,-1.0,-1.0
output:227673,-1,-1.0,-1.0
output:227649,-1,-1.0,-1.0
output:173884,-1,-1.0,-1.0
output:227680,38,0.0,-1.0
output:130156,38,0.0,0.0
output:495735,38,0.0,0.0
output:307957,38,0.0,0.0
output:534293,38,0.0,0.0
output:534288,38,0.0,0.0
output:33128,-1,-1.0,-1.0
output:33130,-1,-1.0,-1.0
output:173933,39,0.0,-1.0
output:67403,39,0.0,0.0
output:575456,39,0.0,0.0
output:575453,39,0.0,0.0
output:131377,39,0.0,0.0
output:304168,39,0.0,0.0
output:258136,-1,-1.0,-1.0
output:173979,-1,-1.0,-1.0
output:578793,40,0.0,-1.0
output:645422,40,0.0,0.0
output:305928,40,0.0,0.0
output:338572,40,0.0,0.0
output:533970,40,0.0,0.0
output:533962,40,0.0,0.0
output:62228,40,0.0,0.0
output:173970,41,0.0,-1.0
output:173967,41,0.0,0.0
output:259040,41,0.0,0.0
output:130476,41,0.0,0.0
output:130475,41,0.0,0.0
output:130474,41,0.0,0.0
output:63827,41,0.0,0.0
output:63829,41,0.0,0.0
output:174012,42,0.0,-1.0
output:174014,42,0.0,0.0
output:174019,42,0.0,0.0
output:646047,42,0.0,0.0
output:646046,42,0.0,0.0
output:376898,42,0.0,0.0
output:305334,42,0.0,0.0
output:305329,42,0.0,0.0
output:305322,42,0.0,0.0
output:64167,42,0.0,0.0
output:29128,42,0.0,0.0
output:29131,42,0.0,0.0
output:460091,42,0.0,0.0
output:62459,42,0.0,0.0
output:258164,43,0.0,-1.0
output:132110,43,0.0,0.0
output:338184,43,0.0,0.0
output:338186,43,0.0,0.0
output:31326,43,0.0,0.0
output:31327,43,0.0,0.0
output:31328,43,0.0,0.0
output:173988,-1,-1.0,-1.0
output:33230,-1,-1.0,-1.0
output:174065,-1,-1.0,-1.0
output:173573,44,0.0,-1.0
output:628742,44,0.0,0.0
output:575538,44,0.0,0.0
output:255367,44,0.0,0.0
output:224281,44,0.0,0.0
output:224282,44,0.0,0.0
output:224278,44,0.0,0.0
output:224279,44,0.0,0.0
output:255988,44,0.0,0.0
output:255990,44,0.0,0.0
output:255986,44,0.0,0.0
output:412647,44,0.0,0.0
output:412596,44,0.0,0.0
output:27494,44,0.0,0.0
output:27492,44,0.0,0.0
output:27493,44,0.0,0.0
output:27491,44,0.0,0.0
output:29412,44,0.0,0.0
output:29410,44,0.0,0.0
output:29411,44,0.0,0.0
output:64305,44,0.0,0.0
output:61907,44,0.0,0.0
output:578929,-1,-1.0,-1.0
output:173607,-1,-1.0,-1.0
output:173655,-1,-1.0,-1.0
output:173659,-1,-1.0,-1.0
output:227372,-1,-1.0,-1.0
output:173673,-1,-1.0,-1.0
output:173690,-1,-1.0,-1.0
output:173709,45,0.0,-1.0
output:627517,45,0.0,0.0
output:224440,45,0.0,0.0
output:534239,45,0.0,0.0
output:534231,45,0.0,0.0
output:29086,45,0.0,0.0
output:494796,45,0.0,0.0
output:494789,45,0.0,0.0
output:494800,45,0.0,0.0
output:372600,45,0.0,0.0
output:173707,46,0.0,-1.0
output:629282,46,0.0,0.0
output:257683,46,0.0,0.0
output:254718,46,0.0,0.0
output:225157,46,0.0,0.0
output:373373,46,0.0,0.0
output:373374,46,0.0,0.0
output:373369,46,0.0,0.0
output:373371,46,0.0,0.0
output:373378,46,0.0,0.0
output:373376,46,0.0,0.0
output:373380,46,0.0,0.0
output:28595,46,0.0,0.0
output:28596,46,0.0,0.0
output:533821,46,0.0,0.0
output:533826,46,0.0,0.0
output:372022,46,0.0,0.0
output:372028,46,0.0,0.0
output:372026,46,0.0,0.0
output:372024,46,0.0,0.0
output:173717,-1,-1.0,-1.0
output:173715,47,0.0,-1.0
output:223194,47,0.0,0.0
output:223193,47,0.0,0.0
output:223411,47,0.0,0.0
output:223408,47,0.0,0.0
output:27680,47,0.0,0.0
output:27683,47,0.0,0.0
output:65374,47,0.0,0.0
output:65375,47,0.0,0.0
output:534337,47,0.0,0.0
output:494746,47,0.0,0.0
output:173742,48,0.0,-1.0
output:173755,48,0.0,0.0
output:173753,48,0.0,0.0
output:173749,48,0.0,0.0
output:173747,48,0.0,0.0
output:497156,48,0.0,0.0
output:497160,48,0.0,0.0
output:173775,-1,-1.0,-1.0
output:173781,49,0.0,-1.0
output:173782,49,0.0,0.0
output:26609,49,0.0,0.0
output:31977,49,0.0,0.0
output:31978,49,0.0,0.0
output:31979,49,0.0,0.0
output:372220,49,0.0,0.0
output:173344,50,0.0,-1.0
output:628777,50,0.0,0.0
output:628776,50,0.0,0.0
output:254433,50,0.0,0.0
output:374024,50,0.0,0.0
output:63726,50,0.0,0.0
output:63727,50,0.0,0.0
output:173333,-1,-1.0,-1.0
output:228167,-1,-1.0,-1.0
output:173312,-1,-1.0,-1.0
output:228139,-1,-1.0,-1.0
output:228142,-1,-1.0,-1.0
output:173380,51,0.0,-1.0
output:258855,51,0.0,0.0
output:646822,51,0.0,0.0
output:646823,51,0.0,0.0
output:646821,51,0.0,0.0
output:646824,51,0.0,0.0
output:222767,51,0.0,0.0
output:133672,51,0.0,0.0
output:62964,51,0.0,0.0
output:31289,51,0.0,0.0
output:31290,51,0.0,0.0
output:31291,51,0.0,0.0
output:31292,51,0.0,0.0
output:173386,-1,-1.0,-1.0
output:33604,-1,-1.0,-1.0
output:173502,-1,-1.0,-1.0
output:33715,-1,-1.0,-1.0
output:173491,-1,-1.0,-1.0
output:173495,-1,-1.0,-1.0
output:33707,-1,-1.0,-1.0
output:258651,-1,-1.0,-1.0
output:258612,-1,-1.0,-1.0
output:173546,52,0.0,-1.0
output:577824,52,0.0,0.0
output:577815,52,0.0,0.0
output:577823,52,0.0,0.0
output:577821,52,0.0,0.0
output:577817,52,0.0,0.0
output:254874,52,0.0,0.0
output:254882,52,0.0,0.0
output:372984,52,0.0,0.0
output:495932,52,0.0,0.0
output:495929,52,0.0,0.0
output:304303,52,0.0,0.0
output:307879,52,0.0,0.0
output:307890,52,0.0,0.0
output:307900,52,0.0,0.0
output:1006272,52,0.0,0.0
output:1006283,52,0.0,0.0
output:1006266,52,0.0,0.0
output:339167,52,0.0,0.0
output:339166,52,0.0,0.0
output:339164,52,0.0,0.0
output:339172,52,0.0,0.0
output:339173,52,0.0,0.0
output:339175,52,0.0,0.0
output:339176,52,0.0,0.0
output:339178,52,0.0,0.0
output:704700,52,0.0,0.0
output:704702,52,0.0,0.0
output:704697,52,0.0,0.0
output:704699,52,0.0,0.0
output:704698,52,0.0,0.0
output:704695,52,0.0,0.0
output:704704,52,0.0,0.0
output:258588,53,0.0,-1.0
output:129515,53,0.0,0.0
output:129516,53,0.0,0.0
output:304132,53,0.0,0.0
output:304136,53,0.0,0.0
output:372104,53,0.0,0.0
output:371924,53,0.0,0.0
output:173111,-1,-1.0,-1.0
output:33337,-1,-1.0,-1.0
output:173061,54,0.0,-1.0
output:173063,54,0.0,0.0
output:173070,54,0.0,0.0
output:173071,54,0.0,0.0
output:256495,54,0.0,0.0
output:254592,54,0.0,0.0
output:891158,54,0.0,0.0
output:224602,54,0.0,0.0
output:224598,54,0.0,0.0
output:857389,54,0.0,0.0
output:574387,54,0.0,0.0
output:131243,54,0.0,0.0
output:1003402,54,0.0,0.0
output:1003396,54,0.0,0.0
output:1003390,54,0.0,0.0
output:28606,54,0.0,0.0
output:28607,54,0.0,0.0
output:307055,54,0.0,0.0
output:307062,54,0.0,0.0
output:533556,54,0.0,0.0
output:533562,54,0.0,0.0
output:533566,54,0.0,0.0
output:914340,54,0.0,0.0
output:914341,54,0.0,0.0
output:495546,54,0.0,0.0
output:495541,54,0.0,0.0
output:495535,54,0.0,0.0
output:495557,54,0.0,0.0
output:495552,54,0.0,0.0
output:62522,54,0.0,0.0
output:62166,54,0.0,0.0
output:414974,54,0.0,0.0
output:576759,54,6.516804599879699,6.516804599879699
output:576757,54,6.516804599879699,6.516804599879699
output:576762,54,6.516804599879699,6.516804599879699
output:576760,54,6.516804599879699,6.516804599879699
output:670873,55,0.0,-1.0
output:670878,55,0.0,0.0
output:670871,55,0.0,0.0
output:626884,55,0.0,0.0
output:857791,55,0.0,0.0
output:857780,55,0.0,0.0
output:816923,55,0.0,0.0
output:306735,55,0.0,0.0
output:967080,55,0.0,0.0
output:1006317,55,0.0,0.0
output:1006325,55,0.0,0.0
output:29279,55,0.0,0.0
output:228082,-1,-1.0,-1.0
output:33424,56,0.0,-1.0
output:33425,56,0.0,0.0
output:575667,56,0.0,0.0
output:177831,56,0.0,0.0
output:177823,56,0.0,0.0
output:255339,56,0.0,0.0
output:255321,56,0.0,0.0
output:255325,56,0.0,0.0
output:533662,56,0.0,0.0
output:533655,56,0.0,0.0
output:173283,57,0.0,-1.0
output:27438,57,0.0,0.0
output:27437,57,0.0,0.0
output:307341,57,0.0,0.0
output:534116,57,0.0,0.0
output:534121,57,0.0,0.0
output:413796,57,0.0,0.0
output:33522,-1,-1.0,-1.0
output:173304,-1,-1.0,-1.0
output:173305,-1,-1.0,-1.0
output:173297,-1,-1.0,-1.0
output:258826,-1,-1.0,-1.0
output:173279,-1,-1.0,-1.0
output:227997,-1,-1.0,-1.0
output:173274,-1,-1.0,-1.0
output:173270,-1,-1.0,-1.0
output:173267,-1,-1.0,-1.0
output:172902,-1,-1.0,-1.0
output:228696,-1,-1.0,-1.0
output:172853,-1,-1.0,-1.0
output:259302,-1,-1.0,-1.0
output:577705,-1,-1.0,-1.0
output:531961,58,0.0,-1.0
output:531970,58,0.0,0.0
output:27454,58,0.0,0.0
output:27453,58,0.0,0.0
output:27452,58,0.0,0.0
output:414746,58,0.0,0.0
output:531956,-1,-1.0,-1.0
output:531931,-1,-1.0,-1.0
output:608840,-1,-1.0,-1.0
output:577759,-1,-1.0,-1.0
output:172667,-1,-1.0,-1.0
output:259535,-1,-1.0,-1.0
output:228447,-1,-1.0,-1.0
output:577866,-1,-1.0,-1.0
output:259371,-1,-1.0,-1.0
output:259385,-1,-1.0,-1.0
output:228549,59,0.0,-1.0
output:223656,59,0.0,0.0
output:62717,59,0.0,0.0
output:62719,59,0.0,0.0
output:62718,59,0.0,0.0
output:62720,59,0.0,0.0
output:31545,59,0.0,0.0
output:888557,-1,-1.0,-1.0
output:888556,-1,-1.0,-1.0
output:577993,-1,-1.0,-1.0
output:608392,60,0.0,-1.0
output:646196,60,0.0,0.0
output:646197,60,0.0,0.0
output:256672,60,0.0,0.0
output:224523,60,0.0,0.0
output:177136,60,0.0,0.0
output:177134,60,0.0,0.0
output:374117,60,0.0,0.0
output:305432,60,0.0,0.0
output:305424,60,0.0,0.0
output:535135,60,0.0,0.0
output:535127,60,0.0,0.0
output:535115,60,0.0,0.0
output:62985,60,0.0,0.0
output:32432,60,0.0,0.0
output:32431,60,0.0,0.0
output:495058,60,0.0,0.0
output:495062,60,0.0,0.0
output:578062,61,0.0,-1.0
output:256860,61,0.0,0.0
output:256854,61,0.0,0.0
output:256848,61,0.0,0.0
output:256840,61,0.0,0.0
output:256830,61,0.0,0.0
output:256817,61,0.0,0.0
output:256823,61,0.0,0.0
output:574604,61,0.0,0.0
output:224663,61,0.0,0.0
output:224662,61,0.0,0.0
output:224666,61,0.0,0.0
output:224665,61,0.0,0.0
output:373183,61,0.0,0.0
output:373180,61,0.0,0.0
output:373178,61,0.0,0.0
output:373185,61,0.0,0.0
output:373188,61,0.0,0.0
output:304878,61,0.0,0.0
output:304881,61,0.0,0.0
output:253850,61,0.0,0.0
output:134409,61,0.0,0.0
output:134410,61,0.0,0.0
output:307015,61,0.0,0.0
output:64519,61,0.0,0.0
output:64518,61,0.0,0.0
output:64517,61,0.0,0.0
output:64515,61,0.0,0.0
output:64521,61,0.0,0.0
output:64520,61,0.0,0.0
output:371821,61,0.0,0.0
output:61540,61,0.0,0.0
output:372330,61,0.0,0.0
output:532311,-1,-1.0,-1.0
output:608402,-1,-1.0,-1.0
output:259794,-1,-1.0,-1.0
output:259776,62,11.051102193380942,-1.0
output:30294,62,11.051102193380942,11.051102193380942
output:30295,62,11.051102193380942,11.051102193380942
output:30292,62,11.051102193380942,11.051102193380942
output:30293,62,11.051102193380942,11.051102193380942
output:30291,62,11.051102193380942,11.051102193380942
output:532428,63,0.0,-1.0
output:532418,63,0.0,0.0
output:532439,63,0.0,0.0
output:224844,63,0.0,0.0
output:224841,63,0.0,0.0
output:224843,63,0.0,0.0
output:532086,-1,-1.0,-1.0
output:260083,-1,-1.0,-1.0
output:578483,-1,-1.0,-1.0
output:259936,-1,-1.0,-1.0
output:532146,-1,-1.0,-1.0
output:259929,-1,-1.0,-1.0
output:646892,64,15.045992310846751,-1.0
output:646893,64,15.045992310846751,15.045992310846751
output:646890,64,15.045992310846751,15.045992310846751
output:646891,64,15.045992310846751,15.045992310846751
output:176221,64,15.045992310846751,15.045992310846751
output:176234,64,15.045992310846751,15.045992310846751
output:176258,64,15.045992310846751,15.045992310846751
output:646785,-1,-1.0,-1.0
output:66136,-1,-1.0,-1.0
output:256272,-1,-1.0,-1.0
output:256262,-1,-1.0,-1.0
output:629398,-1,-1.0,-1.0
output:576865,-1,-1.0,-1.0
output:576881,-1,-1.0,-1.0
output:646676,-1,-1.0,-1.0
output:66244,-1,-1.0,-1.0
output:66245,-1,-1.0,-1.0
output:66246,-1,-1.0,-1.0
output:858691,-1,-1.0,-1.0
output:66401,-1,-1.0,-1.0
output:256040,-1,-1.0,-1.0
output:858644,-1,-1.0,-1.0
output:256151,-1,-1.0,-1.0
output:65537,-1,-1.0,-1.0
output:628785,-1,-1.0,-1.0
output:577521,-1,-1.0,-1.0
output:628752,-1,-1.0,-1.0
output:646319,-1,-1.0,-1.0
output:646287,-1,-1.0,-1.0
output:646288,-1,-1.0,-1.0
output:769711,-1,-1.0,-1.0
output:646266,65,0.0,-1.0
output:646267,65,0.0,0.0
output:646264,65,0.0,0.0
output:646265,65,0.0,0.0
output:646268,65,0.0,0.0
output:222578,65,0.0,0.0
output:28221,65,0.0,0.0
output:28220,65,0.0,0.0
output:28224,65,0.0,0.0
output:493503,65,0.0,0.0
output:493516,65,0.0,0.0
output:493510,65,0.0,0.0
output:493522,65,0.0,0.0
output:459777,65,0.0,0.0
output:256960,66,0.0,-1.0
output:224828,66,0.0,0.0
output:64046,66,0.0,0.0
output:29223,66,0.0,0.0
output:29231,66,0.0,0.0
output:494409,66,0.0,0.0
output:494404,66,0.0,0.0
output:646258,-1,-1.0,-1.0
output:646256,-1,-1.0,-1.0
output:646257,-1,-1.0,-1.0
output:65671,-1,-1.0,-1.0
output:628864,-1,-1.0,-1.0
output:65745,-1,-1.0,-1.0
output:65744,-1,-1.0,-1.0
output:256617,-1,-1.0,-1.0
output:256636,-1,-1.0,-1.0
output:646598,-1,-1.0,-1.0
output:646603,-1,-1.0,-1.0
output:256628,-1,-1.0,-1.0
output:646534,67,0.0,-1.0
output:646535,67,0.0,0.0
output:646536,67,0.0,0.0
output:224573,67,0.0,0.0
output:533519,67,0.0,0.0
output:533523,67,0.0,0.0
output:32527,67,0.0,0.0
output:32528,67,0.0,0.0
output:32529,67,0.0,0.0
output:577156,-1,-1.0,-1.0
output:646514,-1,-1.0,-1.0
output:629154,-1,-1.0,-1.0
output:65955,68,0.0,-1.0
output:223117,68,0.0,0.0
output:223121,68,0.0,0.0
output:255429,68,0.0,0.0
output:224776,68,0.0,0.0
output:533756,68,0.0,0.0
output:533749,68,0.0,0.0
output:28829,68,0.0,0.0
output:533778,68,0.0,0.0
output:533765,68,0.0,0.0
output:533770,68,0.0,0.0
output:257319,-1,-1.0,-1.0
output:178921,-1,-1.0,-1.0
output:257382,-1,-1.0,-1.0
output:257384,-1,-1.0,-1.0
output:257388,-1,-1.0,-1.0
output:257369,-1,-1.0,-1.0
output:575994,-1,-1.0,-1.0
output:67076,-1,-1.0,-1.0
output:645637,-1,-1.0,-1.0
output:645638,-1,-1.0,-1.0
output:645654,-1,-1.0,-1.0
output:645655,-1,-1.0,-1.0
output:645667,69,0.0,-1.0
output:645666,69,0.0,0.0
output:645665,69,0.0,0.0
output:645664,69,0.0,0.0
output:64097,69,0.0,0.0
output:339082,69,0.0,0.0
output:495187,69,0.0,0.0
output:575782,70,0.0,-1.0
output:339201,70,0.0,0.0
output:495144,70,0.0,0.0
output:495156,70,0.0,0.0
output:31784,70,0.0,0.0
output:31783,70,0.0,0.0
output:31782,70,0.0,0.0
output:575797,-1,-1.0,-1.0
output:804961,-1,-1.0,-1.0
output:257535,-1,-1.0,-1.0
output:645743,-1,-1.0,-1.0
output:67227,71,0.0,-1.0
output:223678,71,0.0,0.0
output:223672,71,0.0,0.0
output:223674,71,0.0,0.0
output:223669,71,0.0,0.0
output:223670,71,0.0,0.0
output:223665,71,0.0,0.0
output:223660,71,0.0,0.0
output:223652,71,0.0,0.0
output:223653,71,0.0,0.0
output:223655,71,0.0,0.0
output:223649,71,0.0,0.0
output:223645,71,0.0,0.0
output:804917,-1,-1.0,-1.0
output:804911,-1,-1.0,-1.0
output:178692,-1,-1.0,-1.0
output:575640,-1,-1.0,-1.0
output:575643,-1,-1.0,-1.0
output:646019,-1,-1.0,-1.0
output:646049,-1,-1.0,-1.0
output:768277,72,0.0,-1.0
output:804494,72,0.0,0.0
output:804480,72,0.0,0.0
output:857119,72,0.0,0.0
output:737644,72,0.0,0.0
output:914540,72,0.0,0.0
output:1006383,72,0.0,0.0
output:257135,-1,-1.0,-1.0
output:646141,73,0.0,-1.0
output:646140,73,0.0,0.0
output:255880,73,0.0,0.0
output:255884,73,0.0,0.0
output:224973,73,0.0,0.0
output:224975,73,0.0,0.0
output:224977,73,0.0,0.0
output:305192,73,0.0,0.0
output:62578,73,0.0,0.0
output:62579,73,0.0,0.0
output:62580,73,0.0,0.0
output:494050,73,0.0,0.0
output:494036,73,0.0,0.0
output:494043,73,0.0,0.0
output:494022,73,0.0,0.0
output:31219,73,0.0,0.0
output:31218,73,0.0,0.0
output:575712,-1,-1.0,-1.0
output:575518,-1,-1.0,-1.0
output:179037,-1,-1.0,-1.0
output:575573,-1,-1.0,-1.0
output:222574,-1,-1.0,-1.0
output:257252,-1,-1.0,-1.0
output:575555,-1,-1.0,-1.0
output:257234,-1,-1.0,-1.0
output:257814,-1,-1.0,-1.0
output:576429,-1,-1.0,-1.0
output:222876,-1,-1.0,-1.0
output:576440,-1,-1.0,-1.0
output:576433,-1,-1.0,-1.0
output:257832,-1,-1.0,-1.0
output:257885,-1,-1.0,-1.0
output:257880,-1,-1.0,-1.0
output:629786,-1,-1.0,-1.0
output:222745,-1,-1.0,-1.0
output:178258,74,0.0,-1.0
output:178245,74,0.0,0.0
output:574459,74,0.0,0.0
output:574453,74,0.0,0.0
output:31357,74,0.0,0.0
output:31358,74,0.0,0.0
output:31355,74,0.0,0.0
output:257935,-1,-1.0,-1.0
output:66761,-1,-1.0,-1.0
output:66802,-1,-1.0,-1.0
output:889858,75,0.0,-1.0
output:130747,75,0.0,0.0
output:737651,75,0.0,0.0
output:737649,75,0.0,0.0
output:737652,75,0.0,0.0
output:1003768,75,0.0,0.0
output:222845,-1,-1.0,-1.0
output:222841,-1,-1.0,-1.0
output:222838,-1,-1.0,-1.0
output:257549,-1,-1.0,-1.0
output:257548,-1,-1.0,-1.0
output:645551,-1,-1.0,-1.0
output:257556,-1,-1.0,-1.0
output:223127,-1,-1.0,-1.0
output:223126,-1,-1.0,-1.0
output:223124,-1,-1.0,-1.0
output:576151,-1,-1.0,-1.0
output:223181,-1,-1.0,-1.0
output:645408,-1,-1.0,-1.0
output:67026,-1,-1.0,-1.0
output:67042,-1,-1.0,-1.0
output:257724,-1,-1.0,-1.0
output:66963,-1,-1.0,-1.0
output:223087,76,0.0,-1.0
output:223086,76,0.0,0.0
output:223088,76,0.0,0.0
output:412484,76,0.0,0.0
output:412509,76,0.0,0.0
output:412524,76,0.0,0.0
output:412552,76,0.0,0.0
output:412545,76,0.0,0.0
output:27050,76,0.0,0.0
output:27049,76,0.0,0.0
output:27048,76,0.0,0.0
output:29321,76,0.0,0.0
output:29317,76,0.0,0.0
output:29284,76,0.0,0.0
output:29287,76,0.0,0.0
output:29298,76,0.0,0.0
output:29308,76,0.0,0.0
output:177671,77,13.80916890578099,-1.0
output:67656,77,13.80916890578099,13.80916890578099
output:497410,77,0.0,13.80916890578099
output:28232,77,0.0,0.0
output:28233,77,0.0,0.0
output:533688,77,0.0,0.0
output:533692,77,0.0,0.0
output:533706,77,0.0,0.0
output:533697,77,0.0,0.0
output:533715,77,0.0,0.0
output:68232,-1,-1.0,-1.0
output:736556,-1,-1.0,-1.0
output:223273,-1,-1.0,-1.0
output:177742,-1,-1.0,-1.0
output:223466,-1,-1.0,-1.0
output:254315,-1,-1.0,-1.0
output:574941,-1,-1.0,-1.0
output:736649,78,0.0,-1.0
output:736647,78,0.0,0.0
output:767916,78,0.0,0.0
output:961728,78,0.0,0.0
output:914122,78,0.0,0.0
output:706506,78,0.0,0.0
output:254322,-1,-1.0,-1.0
output:574961,-1,-1.0,-1.0
output:574946,-1,-1.0,-1.0
output:574951,-1,-1.0,-1.0
output:223400,-1,-1.0,-1.0
output:223399,-1,-1.0,-1.0
output:627300,-1,-1.0,-1.0
output:223604,-1,-1.0,-1.0
output:627630,-1,-1.0,-1.0
output:223568,-1,-1.0,-1.0
output:627624,-1,-1.0,-1.0
output:223573,-1,-1.0,-1.0
output:254151,-1,-1.0,-1.0
output:68487,-1,-1.0,-1.0
output:856714,-1,-1.0,-1.0
output:856715,-1,-1.0,-1.0
output:574506,79,0.0,-1.0
output:627946,79,0.0,0.0
output:306026,79,0.0,0.0
output:30718,79,0.0,0.0
output:30717,79,0.0,0.0
output:30716,79,0.0,0.0
output:493533,79,0.0,0.0
output:493545,79,0.0,0.0
output:493227,79,0.0,0.0
output:29984,79,0.0,0.0
output:29983,79,0.0,0.0
output:534434,79,0.0,0.0
output:534424,79,0.0,0.0
output:534427,79,0.0,0.0
output:62730,79,0.0,0.0
output:494434,79,0.0,0.0
output:493801,79,0.0,0.0
output:68565,-1,-1.0,-1.0
output:223501,-1,-1.0,-1.0
output:223681,-1,-1.0,-1.0
output:574600,80,0.0,-1.0
output:223863,80,0.0,0.0
output:223861,80,0.0,0.0
output:223859,80,0.0,0.0
output:857714,80,0.0,0.0
output:857721,80,0.0,0.0
output:857710,80,0.0,0.0
output:255643,80,0.0,0.0
output:255637,80,0.0,0.0
output:255628,80,0.0,0.0
output:255617,80,0.0,0.0
output:255620,80,0.0,0.0
output:255622,80,0.0,0.0
output:255665,80,0.0,0.0
output:255660,80,0.0,0.0
output:255612,80,0.0,0.0
output:255611,80,0.0,0.0
output:372986,80,0.0,0.0
output:372987,80,0.0,0.0
output:372988,80,0.0,0.0
output:28037,80,0.0,0.0
output:28036,80,0.0,0.0
output:28035,80,0.0,0.0
output:178167,-1,-1.0,-1.0
output:574611,-1,-1.0,-1.0
output:574621,81,0.0,-1.0
output:575278,81,0.0,0.0
output:130131,81,0.0,0.0
output:130128,81,0.0,0.0
output:133335,81,0.0,0.0
output:62178,81,0.0,0.0
output:223631,-1,-1.0,-1.0
output:178119,-1,-1.0,-1.0
output:177154,-1,-1.0,-1.0
output:254949,-1,-1.0,-1.0
output:177195,-1,-1.0,-1.0
output:254967,-1,-1.0,-1.0
output:177206,82,0.0,-1.0
output:412314,82,0.0,0.0
output:412332,82,0.0,0.0
output:412325,82,0.0,0.0
output:535644,82,0.0,0.0
output:535666,82,0.0,0.0
output:535655,82,0.0,0.0
output:535658,82,0.0,0.0
output:177207,-1,-1.0,-1.0
output:177210,-1,-1.0,-1.0
output:626941,-1,-1.0,-1.0
output:254869,-1,-1.0,-1.0
output:223767,-1,-1.0,-1.0
output:223789,-1,-1.0,-1.0
output:223788,-1,-1.0,-1.0
output:177293,83,0.0,-1.0
output:177281,83,0.0,0.0
output:177307,83,0.0,0.0
output:177309,83,0.0,0.0
output:177311,83,0.0,0.0
output:177296,83,0.0,0.0
output:177300,83,0.0,0.0
output:177302,83,0.0,0.0
output:177315,83,0.0,0.0
output:177319,83,0.0,0.0
output:804542,-1,-1.0,-1.0
output:804534,-1,-1.0,-1.0
output:254823,-1,-1.0,-1.0
output:254817,-1,-1.0,-1.0
output:575425,-1,-1.0,-1.0
output:223988,-1,-1.0,-1.0
output:223881,-1,-1.0,-1.0
output:575421,-1,-1.0,-1.0
output:223879,-1,-1.0,-1.0
output:575392,84,0.0,-1.0
output:575387,84,0.0,0.0
output:575385,84,0.0,0.0
output:626991,84,0.0,0.0
output:255391,84,0.0,0.0
output:224354,84,0.0,0.0
output:224356,84,0.0,0.0
output:224345,84,0.0,0.0
output:224349,84,0.0,0.0
output:224350,84,0.0,0.0
output:176276,84,0.0,0.0
output:176288,84,0.0,0.0
output:372880,84,0.0,0.0
output:372881,84,0.0,0.0
output:373546,84,0.0,0.0
output:373548,84,0.0,0.0
output:129548,84,0.0,0.0
output:131693,84,0.0,0.0
output:131694,84,0.0,0.0
output:495876,84,0.0,0.0
output:495875,84,0.0,0.0
output:306169,84,0.0,0.0
output:305301,84,0.0,0.0
output:305296,84,0.0,0.0
output:27592,84,0.0,0.0
output:339060,84,0.0,0.0
output:534655,84,0.0,0.0
output:534657,84,0.0,0.0
output:61993,84,0.0,0.0
output:62006,84,0.0,0.0
output:459047,84,0.0,0.0
output:372258,84,0.0,0.0
output:372255,84,0.0,0.0
output:223899,-1,-1.0,-1.0
output:223908,-1,-1.0,-1.0
output:626756,-1,-1.0,-1.0
output:223929,-1,-1.0,-1.0
output:223927,-1,-1.0,-1.0
output:224081,-1,-1.0,-1.0
output:224099,85,0.0,-1.0
output:224098,85,0.0,0.0
output:496355,85,0.0,0.0
output:496365,85,0.0,0.0
output:496360,85,0.0,0.0
output:459507,85,0.0,0.0
output:459499,85,0.0,0.0
output:459551,85,0.0,0.0
output:627175,-1,-1.0,-1.0
output:224059,-1,-1.0,-1.0
output:177553,-1,-1.0,-1.0
output:254547,-1,-1.0,-1.0
output:177549,-1,-1.0,-1.0
output:177610,-1,-1.0,-1.0
output:177642,-1,-1.0,-1.0
output:627039,-1,-1.0,-1.0
output:176744,-1,-1.0,-1.0
output:628443,-1,-1.0,-1.0
output:176755,-1,-1.0,-1.0
output:176759,-1,-1.0,-1.0
output:255374,-1,-1.0,-1.0
output:255368,-1,-1.0,-1.0
output:255383,-1,-1.0,-1.0
output:255381,-1,-1.0,-1.0
output:255380,-1,-1.0,-1.0
output:176727,-1,-1.0,-1.0
output:224364,-1,-1.0,-1.0
output:628391,86,0.0,-1.0
output:628392,86,0.0,0.0
output:496576,86,0.0,0.0
output:496554,86,0.0,0.0
output:496563,86,0.0,0.0
output:496560,86,0.0,0.0
output:496571,86,0.0,0.0
output:533431,86,0.0,0.0
output:533430,86,0.0,0.0
output:533427,86,0.0,0.0
output:533426,86,0.0,0.0
output:533437,86,0.0,0.0
output:533436,86,0.0,0.0
output:533434,86,0.0,0.0
output:533423,86,0.0,0.0
output:29094,86,0.0,0.0
output:29092,86,0.0,0.0
output:176664,-1,-1.0,-1.0
output:176658,-1,-1.0,-1.0
output:628313,-1,-1.0,-1.0
output:224392,-1,-1.0,-1.0
output:177021,-1,-1.0,-1.0
output:255154,-1,-1.0,-1.0
output:255151,-1,-1.0,-1.0
output:255142,-1,-1.0,-1.0
output:176976,-1,-1.0,-1.0
output:255117,-1,-1.0,-1.0
output:255105,-1,-1.0,-1.0
output:224513,-1,-1.0,-1.0
output:69564,-1,-1.0,-1.0
output:176945,-1,-1.0,-1.0
output:224618,87,0.0,-1.0
output:224615,87,0.0,0.0
output:27495,87,0.0,0.0
output:27498,87,0.0,0.0
output:27496,87,0.0,0.0
output:27497,87,0.0,0.0
output:176938,-1,-1.0,-1.0
output:224611,-1,-1.0,-1.0
output:224612,-1,-1.0,-1.0
output:255205,-1,-1.0,-1.0
output:224614,-1,-1.0,-1.0
output:224595,-1,-1.0,-1.0
output:224597,-1,-1.0,-1.0
output:224581,-1,-1.0,-1.0
output:255023,-1,-1.0,-1.0
output:177128,-1,-1.0,-1.0
output:224683,-1,-1.0,-1.0
output:628588,-1,-1.0,-1.0
output:177114,-1,-1.0,-1.0
output:177119,-1,-1.0,-1.0
output:177118,-1,-1.0,-1.0
output:255095,-1,-1.0,-1.0
output:177031,-1,-1.0,-1.0
output:255047,88,0.0,-1.0
output:373879,88,0.0,0.0
output:373880,88,0.0,0.0
output:498053,88,0.0,0.0
output:498054,88,0.0,0.0
output:498050,88,0.0,0.0
output:498060,88,0.0,0.0
output:498042,88,0.0,0.0
output:32166,88,0.0,0.0
output:32168,88,0.0,0.0
output:224771,-1,-1.0,-1.0
output:224775,-1,-1.0,-1.0
output:627942,89,0.0,-1.0
output:627940,89,0.0,0.0
output:627941,89,0.0,0.0
output:627938,89,0.0,0.0
output:627939,89,0.0,0.0
output:627937,89,0.0,0.0
output:627933,89,0.0,0.0
output:627935,89,0.0,0.0
output:627931,89,0.0,0.0
output:627930,89,0.0,0.0
output:496200,89,0.0,0.0
output:496193,89,0.0,0.0
output:496183,89,0.0,0.0
output:305207,89,0.0,0.0
output:416403,89,0.0,0.0
output:627891,-1,-1.0,-1.0
output:627890,-1,-1.0,-1.0
output:176134,-1,-1.0,-1.0
output:176154,-1,-1.0,-1.0
output:176160,-1,-1.0,-1.0
output:224889,-1,-1.0,-1.0
output:857553,-1,-1.0,-1.0
output:68672,-1,-1.0,-1.0
output:255763,-1,-1.0,-1.0
output:176357,-1,-1.0,-1.0
output:176364,-1,-1.0,-1.0
output:68705,-1,-1.0,-1.0
output:176372,-1,-1.0,-1.0
output:224950,-1,-1.0,-1.0
output:176369,-1,-1.0,-1.0
output:224960,-1,-1.0,-1.0
output:255818,-1,-1.0,-1.0
output:574433,-1,-1.0,-1.0
output:225001,-1,-1.0,-1.0
output:176307,-1,-1.0,-1.0
output:255664,-1,-1.0,-1.0
output:176624,-1,-1.0,-1.0
output:225188,-1,-1.0,-1.0
output:176620,-1,-1.0,-1.0
output:255557,-1,-1.0,-1.0
output:255585,-1,-1.0,-1.0
output:497154,-1,-1.0,-1.0
output:497157,-1,-1.0,-1.0
output:130144,-1,-1.0,-1.0
output:497277,-1,-1.0,-1.0
output:26354,-1,-1.0,-1.0
output:130143,-1,-1.0,-1.0
output:61355,-1,-1.0,-1.0
output:372918,-1,-1.0,-1.0
output:130202,-1,-1.0,-1.0
output:130194,-1,-1.0,-1.0
output:497404,-1,-1.0,-1.0
output:497406,-1,-1.0,-1.0
output:372979,-1,-1.0,-1.0
output:497396,-1,-1.0,-1.0
output:130357,-1,-1.0,-1.0
output:373032,-1,-1.0,-1.0
output:130364,-1,-1.0,-1.0
output:497452,-1,-1.0,-1.0
output:497422,-1,-1.0,-1.0
output:497426,-1,-1.0,-1.0
output:130311,-1,-1.0,-1.0
output:132416,-1,-1.0,-1.0
output:373103,-1,-1.0,-1.0
output:373107,-1,-1.0,-1.0
output:497494,-1,-1.0,-1.0
output:132596,-1,-1.0,-1.0
output:497575,-1,-1.0,-1.0
output:130454,-1,-1.0,-1.0
output:26374,-1,-1.0,-1.0
output:130544,-1,-1.0,-1.0
output:130548,-1,-1.0,-1.0
output:537139,-1,-1.0,-1.0
output:130584,-1,-1.0,-1.0
output:130591,-1,-1.0,-1.0
output:496696,-1,-1.0,-1.0
output:496684,-1,-1.0,-1.0
output:373287,-1,-1.0,-1.0
output:496727,-1,-1.0,-1.0
output:373348,-1,-1.0,-1.0
output:130698,-1,-1.0,-1.0
output:130697,-1,-1.0,-1.0
output:130700,-1,-1.0,-1.0
output:132826,-1,-1.0,-1.0
output:132824,-1,-1.0,-1.0
output:412351,-1,-1.0,-1.0
output:130789,-1,-1.0,-1.0
output:130788,-1,-1.0,-1.0
output:130791,-1,-1.0,-1.0
output:130787,-1,-1.0,-1.0
output:130803,-1,-1.0,-1.0
output:737581,-1,-1.0,-1.0
output:132938,-1,-1.0,-1.0
output:130822,90,13.754310229202018,-1.0
output:30033,90,13.754310229202018,13.754310229202018
output:497050,90,0.0,13.754310229202018
output:497045,90,0.0,0.0
output:497070,90,0.0,0.0
output:497061,90,0.0,0.0
output:497081,90,0.0,0.0
output:29860,90,0.0,0.0
output:29859,90,0.0,0.0
output:130877,-1,-1.0,-1.0
output:130854,-1,-1.0,-1.0
output:536738,-1,-1.0,-1.0
output:536748,-1,-1.0,-1.0
output:496974,-1,-1.0,-1.0
output:536756,-1,-1.0,-1.0
output:536761,-1,-1.0,-1.0
output:130931,-1,-1.0,-1.0
output:132898,-1,-1.0,-1.0
output:130954,-1,-1.0,-1.0
output:536671,-1,-1.0,-1.0
output:536663,-1,-1.0,-1.0
output:133012,-1,-1.0,-1.0
output:497122,-1,-1.0,-1.0
output:536601,-1,-1.0,-1.0
output:373886,-1,-1.0,-1.0
output:373856,-1,-1.0,-1.0
output:131120,-1,-1.0,-1.0
output:304955,-1,-1.0,-1.0
output:131158,-1,-1.0,-1.0
output:131157,-1,-1.0,-1.0
output:131156,-1,-1.0,-1.0
output:131256,-1,-1.0,-1.0
output:131250,-1,-1.0,-1.0
output:131255,-1,-1.0,-1.0
output:496322,-1,-1.0,-1.0
output:373949,-1,-1.0,-1.0
output:305069,-1,-1.0,-1.0
output:305063,-1,-1.0,-1.0
output:373914,-1,-1.0,-1.0
output:373907,-1,-1.0,-1.0
output:305047,-1,-1.0,-1.0
output:131293,-1,-1.0,-1.0
output:496266,-1,-1.0,-1.0
output:496488,-1,-1.0,-1.0
output:412943,-1,-1.0,-1.0
output:496466,-1,-1.0,-1.0
output:374060,91,0.0,-1.0
output:374061,91,0.0,0.0
output:374058,91,0.0,0.0
output:374059,91,0.0,0.0
output:374056,91,0.0,0.0
output:341375,91,0.0,0.0
output:341378,91,0.0,0.0
output:496392,92,0.0,-1.0
output:496396,92,0.0,0.0
output:496385,92,0.0,0.0
output:496387,92,0.0,0.0
output:496400,92,0.0,0.0
output:414976,92,0.0,0.0
output:131395,-1,-1.0,-1.0
output:496407,-1,-1.0,-1.0
output:1003281,-1,-1.0,-1.0
output:131578,-1,-1.0,-1.0
output:304449,-1,-1.0,-1.0
output:304451,-1,-1.0,-1.0
output:304455,-1,-1.0,-1.0
output:304461,-1,-1.0,-1.0
output:131625,-1,-1.0,-1.0
output:304490,-1,-1.0,-1.0
output:495647,-1,-1.0,-1.0
output:413273,-1,-1.0,-1.0
output:495643,-1,-1.0,-1.0
output:413257,-1,-1.0,-1.0
output:495620,-1,-1.0,-1.0
output:495662,-1,-1.0,-1.0
output:413290,-1,-1.0,-1.0
output:495813,-1,-1.0,-1.0
output:495819,-1,-1.0,-1.0
output:129762,-1,-1.0,-1.0
output:131802,-1,-1.0,-1.0
output:1002921,-1,-1.0,-1.0
output:1003007,-1,-1.0,-1.0
output:304150,-1,-1.0,-1.0
output:304146,-1,-1.0,-1.0
output:374745,-1,-1.0,-1.0
output:413605,-1,-1.0,-1.0
output:129970,93,0.0,-1.0
output:129971,93,0.0,0.0
output:340417,93,0.0,0.0
output:340419,93,0.0,0.0
output:375419,93,0.0,0.0
output:64633,93,0.0,0.0
output:61999,93,0.0,0.0
output:306101,-1,-1.0,-1.0
output:28183,-1,-1.0,-1.0
output:306067,-1,-1.0,-1.0
output:28174,-1,-1.0,-1.0
output:28264,-1,-1.0,-1.0
output:28332,-1,-1.0,-1.0
output:28314,-1,-1.0,-1.0
output:922919,-1,-1.0,-1.0
output:739895,-1,-1.0,-1.0
output:28465,-1,-1.0,-1.0
output:28469,-1,-1.0,-1.0
output:28430,-1,-1.0,-1.0
output:770714,-1,-1.0,-1.0
output:28586,-1,-1.0,-1.0
output:28593,-1,-1.0,-1.0
output:28600,-1,-1.0,-1.0
output:28545,-1,-1.0,-1.0
output:28549,-1,-1.0,-1.0
output:28557,-1,-1.0,-1.0
output:28558,-1,-1.0,-1.0
output:28633,-1,-1.0,-1.0
output:498825,94,19.66199531538457,-1.0
output:494275,94,-1.0,19.66199531538457
output:494286,94,-1.0,19.66199531538457
output:494281,94,-1.0,19.66199531538457
output:494271,94,-1.0,19.66199531538457
output:29158,94,-1.0,19.66199531538457
output:29159,94,-1.0,19.66199531538457
output:29156,94,-1.0,19.66199531538457
output:29157,94,-1.0,19.66199531538457
output:305567,-1,-1.0,-1.0
output:305561,-1,-1.0,-1.0
output:498876,-1,-1.0,-1.0
output:305603,-1,-1.0,-1.0
output:27742,-1,-1.0,-1.0
output:134839,-1,-1.0,-1.0
output:27774,-1,-1.0,-1.0
output:340866,-1,-1.0,-1.0
output:340868,-1,-1.0,-1.0
output:27808,-1,-1.0,-1.0
output:27847,-1,-1.0,-1.0
output:27846,-1,-1.0,-1.0
output:27849,-1,-1.0,-1.0
output:305532,-1,-1.0,-1.0
output:27880,-1,-1.0,-1.0
output:27927,-1,-1.0,-1.0
output:27921,-1,-1.0,-1.0
output:375730,-1,-1.0,-1.0
output:375731,-1,-1.0,-1.0
output:28006,-1,-1.0,-1.0
output:28007,-1,-1.0,-1.0
output:28005,-1,-1.0,-1.0
output:135091,-1,-1.0,-1.0
output:28039,-1,-1.0,-1.0
output:340663,-1,-1.0,-1.0
output:28085,-1,-1.0,-1.0
output:923253,-1,-1.0,-1.0
output:134972,-1,-1.0,-1.0
output:923229,-1,-1.0,-1.0
output:923228,-1,-1.0,-1.0
output:27242,-1,-1.0,-1.0
output:27200,-1,-1.0,-1.0
output:27193,-1,-1.0,-1.0
output:27171,-1,-1.0,-1.0
output:27172,-1,-1.0,-1.0
output:307079,-1,-1.0,-1.0
output:133141,-1,-1.0,-1.0
output:27344,-1,-1.0,-1.0
output:27337,-1,-1.0,-1.0
output:27327,-1,-1.0,-1.0
output:27317,-1,-1.0,-1.0
output:984014,-1,-1.0,-1.0
output:306887,-1,-1.0,-1.0
output:27442,-1,-1.0,-1.0
output:133414,-1,-1.0,-1.0
output:27590,-1,-1.0,-1.0
output:27612,-1,-1.0,-1.0
output:27614,-1,-1.0,-1.0
output:306760,-1,-1.0,-1.0
output:498481,-1,-1.0,-1.0
output:27579,-1,-1.0,-1.0
output:27582,-1,-1.0,-1.0
output:497892,-1,-1.0,-1.0
output:497905,-1,-1.0,-1.0
output:26722,-1,-1.0,-1.0
output:306607,-1,-1.0,-1.0
output:133643,-1,-1.0,-1.0
output:134051,-1,-1.0,-1.0
output:26999,-1,-1.0,-1.0
output:26911,-1,-1.0,-1.0
output:27116,-1,-1.0,-1.0
output:27013,-1,-1.0,-1.0
output:497939,-1,-1.0,-1.0
output:376627,-1,-1.0,-1.0
output:133993,-1,-1.0,-1.0
output:533222,-1,-1.0,-1.0
output:533231,-1,-1.0,-1.0
output:30596,-1,-1.0,-1.0
output:30601,-1,-1.0,-1.0
output:416088,-1,-1.0,-1.0
output:30642,-1,-1.0,-1.0
output:30633,-1,-1.0,-1.0
output:338125,-1,-1.0,-1.0
output:30674,-1,-1.0,-1.0
output:828387,-1,-1.0,-1.0
output:533176,-1,-1.0,-1.0
output:307847,-1,-1.0,-1.0
output:30522,-1,-1.0,-1.0
output:416224,-1,-1.0,-1.0
output:65184,-1,-1.0,-1.0
output:533039,-1,-1.0,-1.0
output:30550,-1,-1.0,-1.0
output:30532,-1,-1.0,-1.0
output:533043,-1,-1.0,-1.0
output:65277,-1,-1.0,-1.0
output:65276,-1,-1.0,-1.0
output:65278,-1,-1.0,-1.0
output:30337,-1,-1.0,-1.0
output:533500,-1,-1.0,-1.0
output:30359,-1,-1.0,-1.0
output:30378,-1,-1.0,-1.0
output:30379,-1,-1.0,-1.0
output:65359,-1,-1.0,-1.0
output:533397,-1,-1.0,-1.0
output:415805,-1,-1.0,-1.0
output:30217,-1,-1.0,-1.0
output:65415,-1,-1.0,-1.0
output:30278,-1,-1.0,-1.0
output:30277,-1,-1.0,-1.0
output:30301,-1,-1.0,-1.0
output:65519,-1,-1.0,-1.0
output:65534,-1,-1.0,-1.0
output:30328,-1,-1.0,-1.0
output:65529,-1,-1.0,-1.0
output:532672,-1,-1.0,-1.0
output:64555,-1,-1.0,-1.0
output:30108,-1,-1.0,-1.0
output:30104,-1,-1.0,-1.0
output:30107,-1,-1.0,-1.0
output:30090,-1,-1.0,-1.0
output:827864,-1,-1.0,-1.0
output:532637,-1,-1.0,-1.0
output:532647,-1,-1.0,-1.0
output:532549,-1,-1.0,-1.0
output:707399,-1,-1.0,-1.0
output:532487,-1,-1.0,-1.0
output:30029,-1,-1.0,-1.0
output:532543,-1,-1.0,-1.0
output:532531,-1,-1.0,-1.0
output:29830,-1,-1.0,-1.0
output:64772,-1,-1.0,-1.0
output:532976,-1,-1.0,-1.0
output:29846,-1,-1.0,-1.0
output:29844,-1,-1.0,-1.0
output:29841,-1,-1.0,-1.0
output:29848,-1,-1.0,-1.0
output:338933,-1,-1.0,-1.0
output:532895,-1,-1.0,-1.0
output:532899,-1,-1.0,-1.0
output:29915,-1,-1.0,-1.0
output:532904,-1,-1.0,-1.0
output:532910,-1,-1.0,-1.0
output:29746,-1,-1.0,-1.0
output:532832,-1,-1.0,-1.0
output:29802,-1,-1.0,-1.0
output:29792,-1,-1.0,-1.0
output:29794,-1,-1.0,-1.0
output:29809,95,0.0,-1.0
output:29810,95,0.0,0.0
output:29811,95,0.0,0.0
output:494947,95,0.0,0.0
output:494944,95,0.0,0.0
output:494950,95,0.0,0.0
output:494955,95,0.0,0.0
output:494958,95,0.0,0.0
output:494930,95,0.0,0.0
output:494940,95,0.0,0.0
output:29782,-1,-1.0,-1.0
output:29783,-1,-1.0,-1.0
output:29685,-1,-1.0,-1.0
output:64024,-1,-1.0,-1.0
output:339074,-1,-1.0,-1.0
output:707941,-1,-1.0,-1.0
output:534077,-1,-1.0,-1.0
output:534022,-1,-1.0,-1.0
output:29544,-1,-1.0,-1.0
output:64170,-1,-1.0,-1.0
output:308918,-1,-1.0,-1.0
output:64351,-1,-1.0,-1.0
output:29424,-1,-1.0,-1.0
output:29327,96,0.0,-1.0
output:29325,96,0.0,0.0
output:29338,96,0.0,0.0
output:29341,96,0.0,0.0
output:29328,96,0.0,0.0
output:29334,96,0.0,0.0
output:29345,96,0.0,0.0
output:460288,96,0.0,0.0
output:460295,96,0.0,0.0
output:460203,96,0.0,0.0
output:460217,96,0.0,0.0
output:460177,96,0.0,0.0
output:460266,96,0.0,0.0
output:460276,96,0.0,0.0
output:460234,96,0.0,0.0
output:460251,96,0.0,0.0
output:29312,-1,-1.0,-1.0
output:309200,-1,-1.0,-1.0
output:64468,-1,-1.0,-1.0
output:29309,-1,-1.0,-1.0
output:339255,-1,-1.0,-1.0
output:339242,-1,-1.0,-1.0
output:64436,-1,-1.0,-1.0
output:29168,-1,-1.0,-1.0
output:29163,-1,-1.0,-1.0
output:29167,-1,-1.0,-1.0
output:63584,-1,-1.0,-1.0
output:63590,-1,-1.0,-1.0
output:29144,-1,-1.0,-1.0
output:29143,-1,-1.0,-1.0
output:29142,-1,-1.0,-1.0
output:914007,-1,-1.0,-1.0
output:63545,-1,-1.0,-1.0
output:308271,-1,-1.0,-1.0
output:29102,-1,-1.0,-1.0
output:29103,-1,-1.0,-1.0
output:63525,-1,-1.0,-1.0
output:533504,-1,-1.0,-1.0
output:339561,-1,-1.0,-1.0
output:339560,-1,-1.0,-1.0
output:533508,-1,-1.0,-1.0
output:339562,-1,-1.0,-1.0
output:533564,-1,-1.0,-1.0
output:63694,-1,-1.0,-1.0
output:63650,-1,-1.0,-1.0
output:63651,-1,-1.0,-1.0
output:63656,-1,-1.0,-1.0
output:339957,-1,-1.0,-1.0
output:63852,-1,-1.0,-1.0
output:63845,-1,-1.0,-1.0
output:63844,-1,-1.0,-1.0
output:135689,-1,-1.0,-1.0
output:339881,-1,-1.0,-1.0
output:533784,-1,-1.0,-1.0
output:533787,-1,-1.0,-1.0
output:63991,-1,-1.0,-1.0
output:63952,-1,-1.0,-1.0
output:63964,-1,-1.0,-1.0
output:63966,-1,-1.0,-1.0
output:32524,-1,-1.0,-1.0
output:495492,-1,-1.0,-1.0
output:63167,-1,-1.0,-1.0
output:63178,-1,-1.0,-1.0
output:414098,-1,-1.0,-1.0
output:495569,-1,-1.0,-1.0
output:63168,-1,-1.0,-1.0
output:63169,-1,-1.0,-1.0
output:63193,-1,-1.0,-1.0
output:414083,-1,-1.0,-1.0
output:1004307,-1,-1.0,-1.0
output:32696,-1,-1.0,-1.0
output:413960,-1,-1.0,-1.0
output:63085,-1,-1.0,-1.0
output:495234,-1,-1.0,-1.0
output:535421,-1,-1.0,-1.0
output:704573,-1,-1.0,-1.0
output:535414,-1,-1.0,-1.0
output:63418,-1,-1.0,-1.0
output:535371,-1,-1.0,-1.0
output:460584,-1,-1.0,-1.0
output:63411,-1,-1.0,-1.0
output:63410,-1,-1.0,-1.0
output:535377,-1,-1.0,-1.0
output:460592,-1,-1.0,-1.0
output:495286,-1,-1.0,-1.0
output:495310,-1,-1.0,-1.0
output:535329,-1,-1.0,-1.0
output:495314,-1,-1.0,-1.0
output:495336,-1,-1.0,-1.0
output:495329,-1,-1.0,-1.0
output:1004271,-1,-1.0,-1.0
output:63270,-1,-1.0,-1.0
output:32470,-1,-1.0,-1.0
output:495170,-1,-1.0,-1.0
output:63315,-1,-1.0,-1.0
output:535446,-1,-1.0,-1.0
output:535443,-1,-1.0,-1.0
output:32490,-1,-1.0,-1.0
output:309435,-1,-1.0,-1.0
output:534645,-1,-1.0,-1.0
output:32002,-1,-1.0,-1.0
output:32109,-1,-1.0,-1.0
output:534537,-1,-1.0,-1.0
output:534542,-1,-1.0,-1.0
output:917137,-1,-1.0,-1.0
output:459876,-1,-1.0,-1.0
output:371650,-1,-1.0,-1.0
output:495042,-1,-1.0,-1.0
output:705438,-1,-1.0,-1.0
output:534745,-1,-1.0,-1.0
output:534729,-1,-1.0,-1.0
output:534752,-1,-1.0,-1.0
output:705444,-1,-1.0,-1.0
output:494960,-1,-1.0,-1.0
output:62566,-1,-1.0,-1.0
output:62568,-1,-1.0,-1.0
output:62575,-1,-1.0,-1.0
output:62538,-1,-1.0,-1.0
output:62550,-1,-1.0,-1.0
output:62901,97,0.0,-1.0
output:62900,97,0.0,0.0
output:62899,97,0.0,0.0
output:62898,97,0.0,0.0
output:62897,97,0.0,0.0
output:62896,97,0.0,0.0
output:62895,97,0.0,0.0
output:494824,-1,-1.0,-1.0
output:460136,-1,-1.0,-1.0
output:460142,-1,-1.0,-1.0
output:414372,-1,-1.0,-1.0
output:62963,-1,-1.0,-1.0
output:494817,-1,-1.0,-1.0
output:62967,-1,-1.0,-1.0
output:460145,-1,-1.0,-1.0
output:494801,-1,-1.0,-1.0
output:31899,-1,-1.0,-1.0
output:31897,-1,-1.0,-1.0
output:62724,-1,-1.0,-1.0
output:31989,-1,-1.0,-1.0
output:414208,-1,-1.0,-1.0
output:414225,-1,-1.0,-1.0
output:536117,-1,-1.0,-1.0
output:536102,-1,-1.0,-1.0
output:372219,-1,-1.0,-1.0
output:372214,-1,-1.0,-1.0
output:459370,-1,-1.0,-1.0
output:494489,-1,-1.0,-1.0
output:62089,-1,-1.0,-1.0
output:494478,-1,-1.0,-1.0
output:31532,-1,-1.0,-1.0
output:459478,-1,-1.0,-1.0
output:372063,-1,-1.0,-1.0
output:31709,-1,-1.0,-1.0
output:31697,-1,-1.0,-1.0
output:62060,-1,-1.0,-1.0
output:31720,-1,-1.0,-1.0
output:459510,-1,-1.0,-1.0
output:31737,-1,-1.0,-1.0
output:61982,-1,-1.0,-1.0
output:31635,-1,-1.0,-1.0
output:31677,-1,-1.0,-1.0
output:494278,-1,-1.0,-1.0
output:62458,-1,-1.0,-1.0
output:494324,-1,-1.0,-1.0
output:31341,-1,-1.0,-1.0
output:62442,-1,-1.0,-1.0
output:62366,-1,-1.0,-1.0
output:536433,-1,-1.0,-1.0
output:536436,-1,-1.0,-1.0
output:31282,-1,-1.0,-1.0
output:31271,-1,-1.0,-1.0
output:414969,-1,-1.0,-1.0
output:459717,-1,-1.0,-1.0
output:494175,-1,-1.0,-1.0
output:494166,-1,-1.0,-1.0
output:62278,-1,-1.0,-1.0
output:494180,-1,-1.0,-1.0
output:459748,-1,-1.0,-1.0
output:494206,-1,-1.0,-1.0
output:31385,-1,-1.0,-1.0
output:31379,98,0.0,-1.0
output:31378,98,0.0,0.0
output:31377,98,0.0,0.0
output:31376,98,0.0,0.0
output:31374,98,0.0,0.0
output:31375,98,0.0,0.0
output:31373,98,0.0,0.0
output:371721,-1,-1.0,-1.0
output:536572,-1,-1.0,-1.0
output:62264,-1,-1.0,-1.0
output:31078,-1,-1.0,-1.0
output:61670,-1,-1.0,-1.0
output:415664,-1,-1.0,-1.0
output:31082,-1,-1.0,-1.0
output:494073,-1,-1.0,-1.0
output:31051,-1,-1.0,-1.0
output:372658,-1,-1.0,-1.0
output:535623,-1,-1.0,-1.0
output:535622,-1,-1.0,-1.0
output:535619,-1,-1.0,-1.0
output:493987,-1,-1.0,-1.0
output:31035,-1,-1.0,-1.0
output:30991,-1,-1.0,-1.0
output:493977,-1,-1.0,-1.0
output:493976,-1,-1.0,-1.0
output:31230,-1,-1.0,-1.0
output:458932,-1,-1.0,-1.0
output:458931,-1,-1.0,-1.0
output:535754,-1,-1.0,-1.0
output:372425,-1,-1.0,-1.0
output:415376,-1,-1.0,-1.0
output:493742,-1,-1.0,-1.0
output:493739,-1,-1.0,-1.0
output:493748,-1,-1.0,-1.0
output:796095,-1,-1.0,-1.0
output:310671,-1,-1.0,-1.0
output:493709,-1,-1.0,-1.0
output:415288,-1,-1.0,-1.0
output:30928,-1,-1.0,-1.0
output:30926,-1,-1.0,-1.0
output:30925,-1,-1.0,-1.0
output:415336,-1,-1.0,-1.0
output:30902,-1,-1.0,-1.0
output:61741,-1,-1.0,-1.0
output:61730,-1,-1.0,-1.0
output:61729,-1,-1.0,-1.0
