output:365139,-1,-1.0,-1.0
output:244924,0,0.0,-1.0
output:244755,0,0.0,0.0
output:364791,0,0.0,0.0
output:296181,0,0.0,0.0
output:333387,0,0.0,0.0
output:456420,0,0.0,0.0
output:456421,0,0.0,0.0
output:525697,0,0.0,0.0
output:56252,0,0.0,0.0
output:56254,0,0.0,0.0
output:406899,0,0.0,0.0
output:406900,0,0.0,0.0
output:127147,0,0.0,0.0
output:567518,0,0.0,0.0
output:567515,0,0.0,0.0
output:123349,0,0.0,0.0
output:123350,0,0.0,0.0
output:123438,0,0.0,0.0
output:168941,0,0.0,0.0
output:365075,1,0.0,-1.0
output:296382,1,0.0,0.0
output:296379,1,0.0,0.0
output:296372,1,0.0,0.0
output:296368,1,0.0,0.0
output:296364,1,0.0,0.0
output:296357,1,0.0,0.0
output:244699,1,0.0,0.0
output:622789,1,0.0,0.0
output:622788,1,0.0,0.0
output:55710,1,0.0,0.0
output:55709,1,0.0,0.0
output:55707,1,0.0,0.0
output:55772,1,0.0,0.0
output:601913,1,0.0,0.0
output:569012,1,0.0,0.0
output:569009,1,0.0,0.0
output:569016,1,0.0,0.0
output:568998,1,0.0,0.0
output:568999,1,0.0,0.0
output:568995,1,0.0,0.0
output:569007,1,0.0,0.0
output:569001,1,0.0,0.0
output:569003,1,0.0,0.0
output:246070,1,0.0,0.0
output:123328,1,0.0,0.0
output:123329,1,0.0,0.0
output:123327,1,0.0,0.0
output:125702,1,9.08526345530108,9.08526345530108
output:295217,2,0.0,-1.0
output:295208,2,0.0,0.0
output:295204,2,0.0,0.0
output:125223,2,0.0,0.0
output:125222,2,0.0,0.0
output:125221,2,0.0,0.0
output:334690,-1,-1.0,-1.0
output:244820,3,0.0,-1.0
output:364603,3,0.0,0.0
output:296725,3,0.0,0.0
output:367113,3,0.0,0.0
output:367115,3,0.0,0.0
output:409192,3,0.0,0.0
output:409191,3,0.0,0.0
output:55567,3,0.0,0.0
output:55568,3,0.0,0.0
output:23593,3,0.0,0.0
output:169257,3,0.0,0.0
output:295304,-1,-1.0,-1.0
output:334643,4,0.0,-1.0
output:488276,4,0.0,0.0
output:488282,4,0.0,0.0
output:24535,4,0.0,0.0
output:24530,4,0.0,0.0
output:567786,4,0.0,0.0
output:603312,4,0.0,0.0
output:603317,4,0.0,0.0
output:603307,4,0.0,0.0
output:334590,-1,-1.0,-1.0
output:334589,-1,-1.0,-1.0
output:245157,5,18.436842855490298,-1.0
output:55968,5,18.436842855490298,18.436842855490298
output:55981,5,18.436842855490298,18.436842855490298
output:603042,5,18.436842855490298,18.436842855490298
output:603043,5,18.436842855490298,18.436842855490298
output:603041,5,18.436842855490298,18.436842855490298
output:294927,6,0.0,-1.0
output:245422,6,0.0,0.0
output:364758,6,0.0,0.0
output:295524,6,0.0,0.0
output:364838,6,0.0,0.0
output:641734,6,0.0,0.0
output:296136,6,0.0,0.0
output:296142,6,0.0,0.0
output:296131,6,0.0,0.0
output:244450,6,0.0,0.0
output:852840,6,0.0,0.0
output:852841,6,0.0,0.0
output:852842,6,0.0,0.0
output:852837,6,0.0,0.0
output:852838,6,0.0,0.0
output:852839,6,0.0,0.0
output:623040,6,0.0,0.0
output:333235,6,0.0,0.0
output:333298,6,0.0,0.0
output:333299,6,0.0,0.0
output:998467,6,0.0,0.0
output:998471,6,0.0,0.0
output:56657,6,0.0,0.0
output:525722,6,0.0,0.0
output:789831,6,0.0,0.0
output:789830,6,0.0,0.0
output:698826,6,0.0,0.0
output:698827,6,0.0,0.0
output:487140,6,0.0,0.0
output:407429,6,0.0,0.0
output:407278,6,0.0,0.0
output:407279,6,0.0,0.0
output:407281,6,0.0,0.0
output:407280,6,0.0,0.0
output:23765,6,0.0,0.0
output:53928,6,0.0,0.0
output:955029,6,0.0,0.0
output:601614,6,0.0,0.0
output:601611,6,0.0,0.0
output:601621,6,0.0,0.0
output:601620,6,0.0,0.0
output:601625,6,0.0,0.0
output:602336,6,0.0,0.0
output:567819,6,0.0,0.0
output:567436,6,0.0,0.0
output:568854,6,0.0,0.0
output:124036,6,0.0,0.0
output:124037,6,0.0,0.0
output:124715,6,0.0,0.0
output:124716,6,0.0,0.0
output:124721,6,0.0,0.0
output:245806,6,0.0,0.0
output:566962,6,0.0,0.0
output:56817,6,0.0,3.615050421996041
output:56818,6,0.0,0.0
output:24287,6,0.0,0.0
output:24294,6,0.0,0.0
output:24291,6,0.0,0.0
output:218220,6,0.0,0.0
output:601405,6,0.0,0.0
output:123607,6,0.0,0.0
output:245225,-1,-1.0,-1.0
output:334524,-1,-1.0,-1.0
output:334408,-1,-1.0,-1.0
output:244994,-1,-1.0,-1.0
output:295127,-1,-1.0,-1.0
output:365532,7,0.0,-1.0
output:642117,7,0.0,0.0
output:54292,7,0.0,0.0
output:24331,7,0.0,0.0
output:23413,7,0.0,0.0
output:23421,7,0.0,0.0
output:568132,7,0.0,0.0
output:603745,7,0.0,0.0
output:245027,8,0.0,-1.0
output:57263,8,0.0,0.0
output:456450,8,0.0,0.0
output:487386,8,0.0,0.0
output:406797,8,0.0,0.0
output:601208,8,0.0,0.0
output:295161,9,0.0,-1.0
output:297541,9,0.0,0.0
output:297537,9,0.0,0.0
output:297538,9,0.0,0.0
output:55565,9,0.0,0.0
output:55564,9,0.0,0.0
output:54752,9,0.0,0.0
output:54753,9,0.0,0.0
output:54754,9,0.0,0.0
output:54751,9,0.0,0.0
output:167893,9,0.0,0.0
output:570745,9,0.0,0.0
output:570741,9,0.0,0.0
output:570736,9,0.0,0.0
output:570732,9,0.0,0.0
output:570729,9,0.0,0.0
output:570725,9,0.0,0.0
output:124443,9,0.0,0.0
output:566850,9,0.0,0.0
output:245084,-1,-1.0,-1.0
output:334353,-1,-1.0,-1.0
output:334360,-1,-1.0,-1.0
output:245115,-1,-1.0,-1.0
output:295103,-1,-1.0,-1.0
output:365499,10,0.0,-1.0
output:365500,10,0.0,0.0
output:298733,10,0.0,0.0
output:298727,10,0.0,0.0
output:298723,10,0.0,0.0
output:298721,10,0.0,0.0
output:57569,10,0.0,0.0
output:602046,10,0.0,0.0
output:602042,10,0.0,0.0
output:602038,10,0.0,0.0
output:602037,10,0.0,0.0
output:602034,10,0.0,0.0
output:602033,10,0.0,0.0
output:602031,10,0.0,0.0
output:602030,10,0.0,0.0
output:602028,10,0.0,0.0
output:602025,10,0.0,0.0
output:602022,10,0.0,0.0
output:602019,10,0.0,0.0
output:602057,10,0.0,0.0
output:602050,10,0.0,0.0
output:295804,11,0.0,-1.0
output:295798,11,0.0,0.0
output:295815,11,0.0,0.0
output:295814,11,0.0,0.0
output:298671,11,0.0,0.0
output:55496,11,0.0,0.0
output:55498,11,0.0,0.0
output:55500,11,0.0,0.0
output:55501,11,0.0,0.0
output:295771,-1,-1.0,-1.0
output:334213,-1,-1.0,-1.0
output:334189,12,0.0,-1.0
output:334191,12,0.0,0.0
output:525961,12,0.0,0.0
output:55955,12,0.0,0.0
output:55958,12,0.0,0.0
output:169111,12,0.0,0.0
output:604293,12,0.0,0.0
output:245345,-1,-1.0,-1.0
output:245319,13,0.0,-1.0
output:245330,13,0.0,0.0
output:526278,13,0.0,0.0
output:601439,13,0.0,0.0
output:601442,13,0.0,0.0
output:601443,13,0.0,0.0
output:570756,13,0.0,0.0
output:570761,13,0.0,0.0
output:570762,13,0.0,0.0
output:126299,13,0.0,0.0
output:126301,13,0.0,0.0
output:168091,13,0.0,0.0
output:245682,-1,-1.0,-1.0
output:295514,14,0.0,-1.0
output:526180,14,0.0,0.0
output:526175,14,0.0,0.0
output:23774,14,0.0,0.0
output:217855,14,0.0,0.0
output:567813,14,0.0,0.0
output:567811,14,0.0,0.0
output:245812,14,0.0,0.0
output:245638,15,0.0,-1.0
output:245627,15,0.0,0.0
output:245631,15,0.0,0.0
output:527322,15,0.0,0.0
output:569835,15,0.0,0.0
output:569829,15,0.0,0.0
output:569822,15,0.0,0.0
output:602985,15,0.0,0.0
output:602982,15,0.0,0.0
output:298888,15,18.16002317447014,18.16002317447014
output:298892,15,18.16002317447014,18.16002317447014
output:298905,15,18.16002317447014,18.16002317447014
output:246870,15,18.16002317447014,18.16002317447014
output:246859,15,18.16002317447014,18.16002317447014
output:642301,-1,-1.0,-1.0
output:245751,-1,-1.0,-1.0
output:295426,-1,-1.0,-1.0
output:333955,-1,-1.0,-1.0
output:364824,-1,-1.0,-1.0
output:642144,16,0.0,-1.0
output:407419,16,0.0,0.0
output:457699,16,0.0,0.0
output:527011,16,0.0,0.0
output:217788,16,0.0,0.0
output:126606,16,0.0,0.0
output:126607,16,0.0,0.0
output:126609,16,0.0,0.0
output:126608,16,0.0,0.0
output:295590,17,0.0,-1.0
output:56575,17,0.0,0.0
output:56578,17,0.0,0.0
output:56577,17,0.0,0.0
output:56576,17,0.0,0.0
output:456295,17,0.0,0.0
output:57386,17,0.0,0.0
output:126143,17,0.0,0.0
output:126142,17,0.0,0.0
output:567555,17,0.0,0.0
output:603523,17,0.0,0.0
output:603526,17,0.0,0.0
output:603772,17,10.406721327856006,10.406721327856006
output:245601,18,0.0,-1.0
output:55422,18,0.0,0.0
output:55423,18,0.0,0.0
output:571111,18,0.0,0.0
output:602218,18,0.0,0.0
output:602214,18,0.0,0.0
output:602208,18,0.0,0.0
output:567565,18,0.0,0.0
output:567569,18,0.0,0.0
output:566997,18,0.0,0.0
output:566671,18,0.0,0.0
output:296212,19,0.0,-1.0
output:296207,19,0.0,0.0
output:296204,19,0.0,0.0
output:55956,19,0.0,0.0
output:55965,19,0.0,0.0
output:167922,19,0.0,0.0
output:123989,19,6.71232448578628,6.71232448578628
output:123993,19,6.71232448578628,6.71232448578628
output:641955,20,0.0,-1.0
output:296483,20,0.0,0.0
output:296486,20,0.0,0.0
output:296491,20,0.0,0.0
output:296503,20,0.0,0.0
output:296506,20,0.0,0.0
output:333781,20,0.0,0.0
output:527892,20,0.0,0.0
output:603877,20,0.0,0.0
output:603878,20,0.0,0.0
output:126861,20,11.119492664034915,11.119492664034915
output:296231,-1,-1.0,-1.0
output:296224,-1,-1.0,-1.0
output:296276,21,0.0,-1.0
output:365694,21,0.0,0.0
output:53998,21,0.0,0.0
output:53996,21,0.0,0.0
output:53994,21,0.0,0.0
output:57911,21,0.0,0.0
output:570477,21,0.0,0.0
output:570472,21,0.0,0.0
output:570469,21,0.0,0.0
output:570465,21,0.0,0.0
output:603624,21,0.0,0.0
output:125668,21,0.0,0.0
output:125664,21,0.0,0.0
output:125666,21,0.0,0.0
output:125667,21,0.0,0.0
output:55080,21,9.26392735538291,9.26392735538291
output:57791,21,9.26392735538291,9.26392735538291
output:125326,21,9.26392735538291,9.26392735538291
output:568974,21,17.826720418940116,11.746686366432632
output:366208,-1,-1.0,-1.0
output:295939,-1,-1.0,-1.0
output:641673,-1,-1.0,-1.0
output:295971,22,0.0,-1.0
output:55701,22,0.0,0.0
output:55696,22,0.0,0.0
output:55704,22,0.0,0.0
output:570588,22,0.0,0.0
output:603824,22,0.0,0.0
output:603822,22,0.0,0.0
output:295994,-1,-1.0,-1.0
output:296007,-1,-1.0,-1.0
output:296015,-1,-1.0,-1.0
output:296036,-1,-1.0,-1.0
output:296078,-1,-1.0,-1.0
output:296100,-1,-1.0,-1.0
output:641561,23,0.0,-1.0
output:487883,23,0.0,0.0
output:298013,23,0.0,0.0
output:23686,23,0.0,0.0
output:601459,23,0.0,0.0
output:601456,23,0.0,0.0
output:601452,23,0.0,0.0
output:601797,23,0.0,0.0
output:126889,23,0.0,0.0
output:568427,23,0.0,0.0
output:568420,23,0.0,0.0
output:568416,23,0.0,0.0
output:296144,24,0.0,-1.0
output:623732,24,0.0,0.0
output:56617,24,0.0,0.0
output:56619,24,0.0,0.0
output:456271,24,0.0,0.0
output:24036,24,0.0,0.0
output:24043,24,0.0,0.0
output:527234,24,0.0,0.0
output:218081,24,0.0,0.0
output:123986,24,0.0,0.0
output:296748,25,0.0,-1.0
output:458291,25,0.0,0.0
output:57465,25,0.0,0.0
output:57464,25,0.0,0.0
output:57467,25,0.0,0.0
output:57466,25,0.0,0.0
output:57469,25,0.0,0.0
output:57468,25,0.0,0.0
output:57461,25,0.0,0.0
output:57463,25,0.0,0.0
output:365609,-1,-1.0,-1.0
output:641510,-1,-1.0,-1.0
output:296889,26,0.0,-1.0
output:296895,26,0.0,0.0
output:296887,26,0.0,0.0
output:296903,26,0.0,0.0
output:296897,26,0.0,0.0
output:366632,26,0.0,0.0
output:366630,26,0.0,0.0
output:366631,26,0.0,0.0
output:56718,26,0.0,0.0
output:56719,26,0.0,0.0
output:56716,26,0.0,0.0
output:56717,26,0.0,0.0
output:56714,26,0.0,0.0
output:56715,26,0.0,0.0
output:56712,26,0.0,0.0
output:56713,26,0.0,0.0
output:56720,26,0.0,0.0
output:456990,26,0.0,0.0
output:456991,26,0.0,0.0
output:168595,26,0.0,0.0
output:365752,-1,-1.0,-1.0
output:296876,-1,-1.0,-1.0
output:335133,-1,-1.0,-1.0
output:296957,27,0.0,-1.0
output:296964,27,0.0,0.0
output:296966,27,0.0,0.0
output:296963,27,0.0,0.0
output:333130,27,0.0,0.0
output:456037,27,0.0,0.0
output:24162,27,0.0,0.0
output:23449,27,0.0,0.0
output:218337,27,0.0,0.0
output:57770,27,0.0,0.0
output:57769,27,0.0,0.0
output:57768,27,0.0,0.0
output:602378,27,0.0,0.0
output:602381,27,0.0,0.0
output:602370,27,0.0,0.0
output:602375,27,0.0,0.0
output:602367,27,0.0,0.0
output:602360,27,0.0,0.0
output:567827,27,0.0,0.0
output:125027,27,0.0,0.0
output:125026,27,0.0,0.0
output:125028,27,0.0,0.0
output:246362,27,0.0,0.0
output:365821,-1,-1.0,-1.0
output:296493,-1,-1.0,-1.0
output:296510,28,0.0,-1.0
output:488560,28,0.0,0.0
output:488556,28,0.0,0.0
output:488553,28,0.0,0.0
output:570371,28,0.0,0.0
output:570369,28,0.0,0.0
output:244688,29,0.0,-1.0
output:570079,29,0.0,0.0
output:570071,29,0.0,0.0
output:570069,29,0.0,0.0
output:570083,29,0.0,0.0
output:602783,29,0.0,0.0
output:602780,29,0.0,0.0
output:602786,29,0.0,0.0
output:602787,29,0.0,0.0
output:124073,29,0.0,0.0
output:124075,29,0.0,0.0
output:365929,30,13.95230544383569,-1.0
output:365930,30,13.95230544383569,13.95230544383569
output:57717,30,13.95230544383569,13.95230544383569
output:568754,30,13.95230544383569,13.95230544383569
output:568758,30,13.95230544383569,13.95230544383569
output:570354,30,13.95230544383569,13.95230544383569
output:527255,30,-1.0,17.949490028189466
output:335091,-1,-1.0,-1.0
output:296562,-1,-1.0,-1.0
output:335092,-1,-1.0,-1.0
output:296627,31,15.165262943983562,-1.0
output:408433,31,15.165262943983562,15.165262943983562
output:124578,31,15.165262943983562,15.165262943983562
output:124580,31,15.165262943983562,15.165262943983562
output:247510,31,15.165262943983562,15.165262943983562
output:602665,31,15.165262943983562,15.165262943983562
output:244538,32,0.0,-1.0
output:333367,32,0.0,0.0
output:959314,32,0.0,0.0
output:407898,32,0.0,0.0
output:407899,32,0.0,0.0
output:697806,32,0.0,0.0
output:601624,32,0.0,0.0
output:124658,32,0.0,0.0
output:296694,-1,-1.0,-1.0
output:244508,33,0.0,-1.0
output:57082,33,0.0,0.0
output:601663,33,0.0,0.0
output:601671,33,0.0,0.0
output:601668,33,0.0,0.0
output:601674,33,0.0,0.0
output:601678,33,0.0,0.0
output:601680,33,0.0,0.0
output:296645,34,0.0,-1.0
output:296646,34,0.0,0.0
output:570277,34,0.0,0.0
output:570276,34,0.0,0.0
output:570275,34,0.0,0.0
output:570272,34,0.0,0.0
output:124927,34,0.0,0.0
output:124923,34,0.0,0.0
output:124919,34,0.0,0.0
output:124916,34,0.0,0.0
output:244497,35,0.0,-1.0
output:297491,35,0.0,0.0
output:297492,35,0.0,0.0
output:297485,35,0.0,0.0
output:246832,35,0.0,0.0
output:246841,35,0.0,0.0
output:334941,-1,-1.0,-1.0
output:623549,-1,-1.0,-1.0
output:297448,-1,-1.0,-1.0
output:487846,-1,-1.0,-1.0
output:623513,-1,-1.0,-1.0
output:852687,-1,-1.0,-1.0
output:623586,-1,-1.0,-1.0
output:487730,-1,-1.0,-1.0
output:487735,-1,-1.0,-1.0
output:487744,36,0.0,-1.0
output:298283,36,0.0,0.0
output:57462,36,0.0,0.0
output:603966,36,0.0,0.0
output:603967,36,0.0,0.0
output:246671,36,0.0,0.0
output:297243,-1,-1.0,-1.0
output:487775,-1,-1.0,-1.0
output:297262,37,0.0,-1.0
output:297276,37,0.0,0.0
output:297272,37,0.0,0.0
output:297264,37,0.0,0.0
output:333286,37,0.0,0.0
output:602552,37,0.0,0.0
output:602557,37,0.0,0.0
output:487574,-1,-1.0,-1.0
output:297184,-1,-1.0,-1.0
output:623347,-1,-1.0,-1.0
output:297096,-1,-1.0,-1.0
output:487654,-1,-1.0,-1.0
output:297049,-1,-1.0,-1.0
output:367453,-1,-1.0,-1.0
output:367452,-1,-1.0,-1.0
output:297039,-1,-1.0,-1.0
output:297062,-1,-1.0,-1.0
output:487517,-1,-1.0,-1.0
output:296972,-1,-1.0,-1.0
output:297022,38,0.0,-1.0
output:406864,38,0.0,0.0
output:569595,38,0.0,0.0
output:603768,38,0.0,0.0
output:603769,38,0.0,0.0
output:603771,38,0.0,0.0
output:852215,-1,-1.0,-1.0
output:852212,-1,-1.0,-1.0
output:488328,-1,-1.0,-1.0
output:623084,-1,-1.0,-1.0
output:852006,-1,-1.0,-1.0
output:852354,39,7.355594133607924,-1.0
output:852353,39,7.355594133607924,7.355594133607924
output:698190,39,7.355594133607924,7.355594133607924
output:57491,39,7.355594133607924,7.355594133607924
output:125826,39,7.355594133607924,7.355594133607924
output:125827,39,7.355594133607924,7.355594133607924
output:123512,39,7.355594133607924,7.355594133607924
output:487982,-1,-1.0,-1.0
output:487953,-1,-1.0,-1.0
output:297540,-1,-1.0,-1.0
output:488056,-1,-1.0,-1.0
output:488047,-1,-1.0,-1.0
output:297496,40,0.0,-1.0
output:297499,40,0.0,0.0
output:297502,40,0.0,0.0
output:24243,40,0.0,0.0
output:602889,40,0.0,0.0
output:602891,40,0.0,0.0
output:602884,40,0.0,0.0
output:602882,40,0.0,0.0
output:567379,40,0.0,0.0
output:567375,40,0.0,0.0
output:247959,40,0.0,0.0
output:247958,40,0.0,0.0
output:124512,40,0.0,0.0
output:124510,40,0.0,0.0
output:124511,40,0.0,0.0
output:124509,40,0.0,0.0
output:333639,-1,-1.0,-1.0
output:298475,-1,-1.0,-1.0
output:298481,-1,-1.0,-1.0
output:488774,-1,-1.0,-1.0
output:333711,-1,-1.0,-1.0
output:298248,-1,-1.0,-1.0
output:298264,41,0.0,-1.0
output:56382,41,0.0,0.0
output:56383,41,0.0,0.0
output:23823,41,0.0,0.0
output:23830,41,0.0,0.0
output:601188,41,0.0,0.0
output:601190,41,0.0,0.0
output:601187,41,0.0,0.0
output:298289,-1,-1.0,-1.0
output:298353,-1,-1.0,-1.0
output:298356,-1,-1.0,-1.0
output:298360,-1,-1.0,-1.0
output:298151,-1,-1.0,-1.0
output:298144,-1,-1.0,-1.0
output:297985,-1,-1.0,-1.0
output:333498,-1,-1.0,-1.0
output:333502,-1,-1.0,-1.0
output:333529,-1,-1.0,-1.0
output:333504,-1,-1.0,-1.0
output:298097,-1,-1.0,-1.0
output:333567,-1,-1.0,-1.0
output:333550,42,11.385685177647945,-1.0
output:570013,42,11.385685177647945,11.385685177647945
output:570010,42,11.385685177647945,11.385685177647945
output:570006,42,11.385685177647945,11.385685177647945
output:571509,42,11.385685177647945,11.385685177647945
output:571511,42,11.385685177647945,11.385685177647945
output:298912,43,0.0,-1.0
output:298919,43,0.0,0.0
output:56666,43,0.0,0.0
output:56667,43,0.0,0.0
output:56665,43,0.0,0.0
output:568601,43,0.0,0.0
output:568593,43,0.0,0.0
output:568597,43,0.0,0.0
output:603778,43,0.0,0.0
output:603777,43,0.0,0.0
output:123046,43,0.0,0.0
output:298916,-1,-1.0,-1.0
output:333153,-1,-1.0,-1.0
output:489387,-1,-1.0,-1.0
output:298762,-1,-1.0,-1.0
output:298867,-1,-1.0,-1.0
output:298836,-1,-1.0,-1.0
output:298835,-1,-1.0,-1.0
output:298687,-1,-1.0,-1.0
output:489168,-1,-1.0,-1.0
output:298744,-1,-1.0,-1.0
output:298549,-1,-1.0,-1.0
output:298555,-1,-1.0,-1.0
output:489077,-1,-1.0,-1.0
output:298543,-1,-1.0,-1.0
output:489036,-1,-1.0,-1.0
output:56397,-1,-1.0,-1.0
output:56396,-1,-1.0,-1.0
output:56367,44,17.378996365354816,-1.0
output:457748,44,17.378996365354816,17.378996365354816
output:55354,44,0.0,17.378996365354816
output:55352,44,0.0,0.0
output:55353,44,0.0,0.0
output:570533,44,0.0,0.0
output:570536,44,0.0,0.0
output:570541,44,0.0,0.0
output:570545,44,0.0,0.0
output:570548,44,0.0,0.0
output:125351,44,0.0,0.0
output:56552,-1,-1.0,-1.0
output:56534,-1,-1.0,-1.0
output:56516,-1,-1.0,-1.0
output:56487,-1,-1.0,-1.0
output:56690,-1,-1.0,-1.0
output:299343,-1,-1.0,-1.0
output:299315,-1,-1.0,-1.0
output:299309,-1,-1.0,-1.0
output:299308,-1,-1.0,-1.0
output:56634,-1,-1.0,-1.0
output:56601,-1,-1.0,-1.0
output:56810,-1,-1.0,-1.0
output:299514,-1,-1.0,-1.0
output:409189,-1,-1.0,-1.0
output:56778,-1,-1.0,-1.0
output:56776,-1,-1.0,-1.0
output:56777,-1,-1.0,-1.0
output:299460,-1,-1.0,-1.0
output:56746,-1,-1.0,-1.0
output:56708,-1,-1.0,-1.0
output:56951,-1,-1.0,-1.0
output:56952,-1,-1.0,-1.0
output:525000,-1,-1.0,-1.0
output:56969,-1,-1.0,-1.0
output:299689,-1,-1.0,-1.0
output:57004,-1,-1.0,-1.0
output:525204,-1,-1.0,-1.0
output:57184,-1,-1.0,-1.0
output:57094,-1,-1.0,-1.0
output:57102,-1,-1.0,-1.0
output:57113,-1,-1.0,-1.0
output:57141,-1,-1.0,-1.0
output:57146,-1,-1.0,-1.0
output:57150,-1,-1.0,-1.0
output:408481,-1,-1.0,-1.0
output:55338,-1,-1.0,-1.0
output:55337,-1,-1.0,-1.0
output:55336,-1,-1.0,-1.0
output:55326,-1,-1.0,-1.0
output:408469,-1,-1.0,-1.0
output:55426,-1,-1.0,-1.0
output:408424,-1,-1.0,-1.0
output:55511,-1,-1.0,-1.0
output:699299,-1,-1.0,-1.0
output:525806,-1,-1.0,-1.0
output:55658,-1,-1.0,-1.0
output:55664,-1,-1.0,-1.0
output:55620,-1,-1.0,-1.0
output:55687,-1,-1.0,-1.0
output:55778,-1,-1.0,-1.0
output:55779,-1,-1.0,-1.0
output:525571,-1,-1.0,-1.0
output:525574,-1,-1.0,-1.0
output:408146,-1,-1.0,-1.0
output:408156,-1,-1.0,-1.0
output:407959,-1,-1.0,-1.0
output:407993,-1,-1.0,-1.0
output:55890,-1,-1.0,-1.0
output:55891,-1,-1.0,-1.0
output:55880,-1,-1.0,-1.0
output:55879,-1,-1.0,-1.0
output:55932,-1,-1.0,-1.0
output:55930,-1,-1.0,-1.0
output:55931,-1,-1.0,-1.0
output:55961,-1,-1.0,-1.0
output:698834,-1,-1.0,-1.0
output:525877,-1,-1.0,-1.0
output:998348,-1,-1.0,-1.0
output:56092,-1,-1.0,-1.0
output:56087,-1,-1.0,-1.0
output:56222,-1,-1.0,-1.0
output:56221,-1,-1.0,-1.0
output:407562,-1,-1.0,-1.0
output:487411,-1,-1.0,-1.0
output:56275,-1,-1.0,-1.0
output:487350,-1,-1.0,-1.0
output:56303,-1,-1.0,-1.0
output:56318,-1,-1.0,-1.0
output:23877,-1,-1.0,-1.0
output:526419,-1,-1.0,-1.0
output:457285,-1,-1.0,-1.0
output:457399,-1,-1.0,-1.0
output:54387,-1,-1.0,-1.0
output:24016,-1,-1.0,-1.0
output:54366,-1,-1.0,-1.0
output:942822,-1,-1.0,-1.0
output:457412,-1,-1.0,-1.0
output:407435,-1,-1.0,-1.0
output:23960,-1,-1.0,-1.0
output:457656,-1,-1.0,-1.0
output:457658,-1,-1.0,-1.0
output:457709,-1,-1.0,-1.0
output:457717,-1,-1.0,-1.0
output:23715,-1,-1.0,-1.0
output:456714,-1,-1.0,-1.0
output:54925,-1,-1.0,-1.0
output:24344,45,0.0,-1.0
output:24341,45,0.0,0.0
output:55293,45,0.0,0.0
output:55292,45,0.0,0.0
output:55294,45,0.0,0.0
output:167823,45,0.0,0.0
output:248137,45,0.0,0.0
output:527092,-1,-1.0,-1.0
output:527066,-1,-1.0,-1.0
output:527069,-1,-1.0,-1.0
output:527068,-1,-1.0,-1.0
output:55277,-1,-1.0,-1.0
output:24080,-1,-1.0,-1.0
output:55185,-1,-1.0,-1.0
output:24085,-1,-1.0,-1.0
output:457054,-1,-1.0,-1.0
output:457055,-1,-1.0,-1.0
output:457053,-1,-1.0,-1.0
output:24259,-1,-1.0,-1.0
output:24269,-1,-1.0,-1.0
output:457118,-1,-1.0,-1.0
output:55156,-1,-1.0,-1.0
output:527242,-1,-1.0,-1.0
output:55160,-1,-1.0,-1.0
output:24299,-1,-1.0,-1.0
output:457156,-1,-1.0,-1.0
output:457157,-1,-1.0,-1.0
output:406658,-1,-1.0,-1.0
output:24205,-1,-1.0,-1.0
output:24254,-1,-1.0,-1.0
output:457207,-1,-1.0,-1.0
output:458362,-1,-1.0,-1.0
output:458363,-1,-1.0,-1.0
output:527471,-1,-1.0,-1.0
output:527467,-1,-1.0,-1.0
output:458457,-1,-1.0,-1.0
output:458456,-1,-1.0,-1.0
output:527600,-1,-1.0,-1.0
output:458441,-1,-1.0,-1.0
output:458423,-1,-1.0,-1.0
output:527734,-1,-1.0,-1.0
output:458525,-1,-1.0,-1.0
output:458688,-1,-1.0,-1.0
output:458686,-1,-1.0,-1.0
output:527987,-1,-1.0,-1.0
output:527885,-1,-1.0,-1.0
output:457925,-1,-1.0,-1.0
output:457926,-1,-1.0,-1.0
output:23476,-1,-1.0,-1.0
output:23513,-1,-1.0,-1.0
output:457915,-1,-1.0,-1.0
output:54155,-1,-1.0,-1.0
output:54210,-1,-1.0,-1.0
output:23172,-1,-1.0,-1.0
output:458232,-1,-1.0,-1.0
output:218109,-1,-1.0,-1.0
output:218068,-1,-1.0,-1.0
output:217865,-1,-1.0,-1.0
output:217825,-1,-1.0,-1.0
output:167829,-1,-1.0,-1.0
output:571398,-1,-1.0,-1.0
output:167778,-1,-1.0,-1.0
output:167600,-1,-1.0,-1.0
output:218796,-1,-1.0,-1.0
output:218684,-1,-1.0,-1.0
output:218686,-1,-1.0,-1.0
output:909565,-1,-1.0,-1.0
output:218511,46,0.0,-1.0
output:58144,46,0.0,0.0
output:58145,46,0.0,0.0
output:58143,46,0.0,0.0
output:125184,46,0.0,0.0
output:125183,46,0.0,0.0
output:568741,46,0.0,0.0
output:218523,-1,-1.0,-1.0
output:218472,-1,-1.0,-1.0
output:218385,-1,-1.0,-1.0
output:218425,-1,-1.0,-1.0
output:218420,-1,-1.0,-1.0
output:909882,-1,-1.0,-1.0
output:218356,-1,-1.0,-1.0
output:909975,-1,-1.0,-1.0
output:218121,-1,-1.0,-1.0
output:570037,-1,-1.0,-1.0
output:569959,-1,-1.0,-1.0
output:569961,-1,-1.0,-1.0
output:569968,-1,-1.0,-1.0
output:569906,-1,-1.0,-1.0
output:851961,-1,-1.0,-1.0
output:570242,-1,-1.0,-1.0
output:570296,-1,-1.0,-1.0
output:570295,-1,-1.0,-1.0
output:570236,-1,-1.0,-1.0
output:569543,-1,-1.0,-1.0
output:569535,-1,-1.0,-1.0
output:569483,47,0.0,-1.0
output:569487,47,0.0,0.0
output:569486,47,0.0,0.0
output:57713,47,0.0,0.0
output:57712,47,0.0,0.0
output:125625,47,0.0,0.0
output:125627,47,0.0,0.0
output:125626,47,0.0,0.0
output:569441,-1,-1.0,-1.0
output:569443,-1,-1.0,-1.0
output:600947,48,13.196804018929358,-1.0
output:567759,48,13.196804018929358,13.196804018929358
output:567750,48,13.196804018929358,13.196804018929358
output:567747,48,13.196804018929358,13.196804018929358
output:57952,48,13.196804018929358,13.196804018929358
output:57943,48,13.196804018929358,13.196804018929358
output:602100,48,13.196804018929358,13.196804018929358
output:569802,-1,-1.0,-1.0
output:569795,-1,-1.0,-1.0
output:569726,-1,-1.0,-1.0
output:601063,-1,-1.0,-1.0
output:601067,-1,-1.0,-1.0
output:571011,-1,-1.0,-1.0
output:127201,-1,-1.0,-1.0
output:127203,-1,-1.0,-1.0
output:127202,-1,-1.0,-1.0
output:58319,-1,-1.0,-1.0
output:58272,-1,-1.0,-1.0
output:58285,-1,-1.0,-1.0
output:58210,-1,-1.0,-1.0
output:127057,-1,-1.0,-1.0
output:58192,49,0.0,-1.0
output:126344,49,0.0,0.0
output:126345,49,0.0,0.0
output:126341,49,0.0,0.0
output:126342,49,0.0,0.0
output:126343,49,0.0,0.0
output:127051,-1,-1.0,-1.0
output:127012,-1,-1.0,-1.0
output:127009,-1,-1.0,-1.0
output:127011,-1,-1.0,-1.0
output:126989,-1,-1.0,-1.0
output:571006,-1,-1.0,-1.0
output:571289,-1,-1.0,-1.0
output:601344,-1,-1.0,-1.0
output:571268,-1,-1.0,-1.0
output:571264,-1,-1.0,-1.0
output:127424,-1,-1.0,-1.0
output:58068,-1,-1.0,-1.0
output:127454,-1,-1.0,-1.0
output:127397,-1,-1.0,-1.0
output:58023,-1,-1.0,-1.0
output:127404,-1,-1.0,-1.0
output:58031,-1,-1.0,-1.0
output:58032,-1,-1.0,-1.0
output:57994,-1,-1.0,-1.0
output:127374,-1,-1.0,-1.0
output:571197,-1,-1.0,-1.0
output:571192,-1,-1.0,-1.0
output:127320,-1,-1.0,-1.0
output:57936,-1,-1.0,-1.0
output:57892,-1,-1.0,-1.0
output:127265,-1,-1.0,-1.0
output:127243,-1,-1.0,-1.0
output:57869,-1,-1.0,-1.0
output:57859,-1,-1.0,-1.0
output:571241,-1,-1.0,-1.0
output:127257,-1,-1.0,-1.0
output:57886,-1,-1.0,-1.0
output:127253,-1,-1.0,-1.0
output:127255,-1,-1.0,-1.0
output:601572,-1,-1.0,-1.0
output:57878,-1,-1.0,-1.0
output:571237,-1,-1.0,-1.0
output:57849,-1,-1.0,-1.0
output:57852,-1,-1.0,-1.0
output:57826,-1,-1.0,-1.0
output:57748,-1,-1.0,-1.0
output:57757,-1,-1.0,-1.0
output:57739,-1,-1.0,-1.0
output:57766,-1,-1.0,-1.0
output:57764,-1,-1.0,-1.0
output:57688,-1,-1.0,-1.0
output:57684,-1,-1.0,-1.0
output:57687,-1,-1.0,-1.0
output:57686,-1,-1.0,-1.0
output:601789,50,0.0,-1.0
output:601790,50,0.0,0.0
output:601786,50,0.0,0.0
output:601780,50,0.0,0.0
output:601783,50,0.0,0.0
output:601777,50,0.0,0.0
output:601778,50,0.0,0.0
output:601804,-1,-1.0,-1.0
output:570814,-1,-1.0,-1.0
output:601888,-1,-1.0,-1.0
output:601879,-1,-1.0,-1.0
output:601949,-1,-1.0,-1.0
output:570840,51,0.0,-1.0
output:248231,51,0.0,0.0
output:124540,51,0.0,0.0
output:124541,51,0.0,0.0
output:124538,51,0.0,0.0
output:124539,51,0.0,0.0
output:57436,-1,-1.0,-1.0
output:57430,-1,-1.0,-1.0
output:602097,-1,-1.0,-1.0
output:570734,-1,-1.0,-1.0
output:602095,-1,-1.0,-1.0
output:570727,-1,-1.0,-1.0
output:126242,-1,-1.0,-1.0
output:602549,-1,-1.0,-1.0
output:126367,-1,-1.0,-1.0
output:126366,-1,-1.0,-1.0
output:126356,-1,-1.0,-1.0
output:126355,-1,-1.0,-1.0
output:602444,-1,-1.0,-1.0
output:602447,-1,-1.0,-1.0
output:602449,-1,-1.0,-1.0
output:602414,-1,-1.0,-1.0
output:602419,-1,-1.0,-1.0
output:126453,-1,-1.0,-1.0
output:602392,-1,-1.0,-1.0
output:602353,-1,-1.0,-1.0
output:602352,-1,-1.0,-1.0
output:567925,-1,-1.0,-1.0
output:567926,-1,-1.0,-1.0
output:602350,-1,-1.0,-1.0
output:125981,-1,-1.0,-1.0
output:125988,-1,-1.0,-1.0
output:125987,-1,-1.0,-1.0
output:602328,-1,-1.0,-1.0
output:567901,-1,-1.0,-1.0
output:602309,-1,-1.0,-1.0
output:248374,-1,-1.0,-1.0
output:602302,-1,-1.0,-1.0
output:126040,-1,-1.0,-1.0
output:568042,-1,-1.0,-1.0
output:568043,-1,-1.0,-1.0
output:602207,-1,-1.0,-1.0
output:602204,-1,-1.0,-1.0
output:602201,-1,-1.0,-1.0
output:568017,-1,-1.0,-1.0
output:602186,-1,-1.0,-1.0
output:567942,-1,-1.0,-1.0
output:603076,-1,-1.0,-1.0
output:248118,-1,-1.0,-1.0
output:603085,-1,-1.0,-1.0
output:126780,-1,-1.0,-1.0
output:603087,-1,-1.0,-1.0
output:126755,-1,-1.0,-1.0
output:567639,-1,-1.0,-1.0
output:567642,-1,-1.0,-1.0
output:603128,-1,-1.0,-1.0
output:126839,-1,-1.0,-1.0
output:126834,-1,-1.0,-1.0
output:567782,-1,-1.0,-1.0
output:126865,-1,-1.0,-1.0
output:126866,-1,-1.0,-1.0
output:567696,-1,-1.0,-1.0
output:602821,-1,-1.0,-1.0
output:567371,-1,-1.0,-1.0
output:247835,-1,-1.0,-1.0
output:247832,-1,-1.0,-1.0
output:602859,-1,-1.0,-1.0
output:126541,-1,-1.0,-1.0
output:567340,-1,-1.0,-1.0
output:567495,-1,-1.0,-1.0
output:567489,-1,-1.0,-1.0
output:602742,-1,-1.0,-1.0
output:602649,-1,-1.0,-1.0
output:602646,-1,-1.0,-1.0
output:126690,-1,-1.0,-1.0
output:602641,-1,-1.0,-1.0
output:248050,-1,-1.0,-1.0
output:567425,-1,-1.0,-1.0
output:603563,-1,-1.0,-1.0
output:603561,-1,-1.0,-1.0
output:603555,-1,-1.0,-1.0
output:603559,-1,-1.0,-1.0
output:603557,-1,-1.0,-1.0
output:603571,-1,-1.0,-1.0
output:603547,-1,-1.0,-1.0
output:603538,-1,-1.0,-1.0
output:603408,-1,-1.0,-1.0
output:603410,-1,-1.0,-1.0
output:603488,-1,-1.0,-1.0
output:569317,-1,-1.0,-1.0
output:125330,-1,-1.0,-1.0
output:569339,-1,-1.0,-1.0
output:125369,-1,-1.0,-1.0
output:603475,-1,-1.0,-1.0
output:568890,52,0.0,-1.0
output:568887,52,0.0,0.0
output:568914,52,0.0,0.0
output:568917,52,0.0,0.0
output:568905,52,0.0,0.0
output:568909,52,0.0,0.0
output:568896,52,0.0,0.0
output:568901,52,0.0,0.0
output:125050,-1,-1.0,-1.0
output:568844,-1,-1.0,-1.0
output:568838,-1,-1.0,-1.0
output:568915,-1,-1.0,-1.0
output:568912,-1,-1.0,-1.0
output:603330,-1,-1.0,-1.0
output:568983,-1,-1.0,-1.0
output:568980,-1,-1.0,-1.0
output:569074,-1,-1.0,-1.0
output:569078,-1,-1.0,-1.0
output:603241,-1,-1.0,-1.0
output:603242,-1,-1.0,-1.0
output:569048,-1,-1.0,-1.0
output:568602,-1,-1.0,-1.0
output:604056,-1,-1.0,-1.0
output:125797,-1,-1.0,-1.0
output:604050,-1,-1.0,-1.0
output:604064,-1,-1.0,-1.0
output:125722,-1,-1.0,-1.0
output:604134,-1,-1.0,-1.0
output:125911,-1,-1.0,-1.0
output:603944,-1,-1.0,-1.0
output:125900,-1,-1.0,-1.0
output:125875,-1,-1.0,-1.0
output:125874,-1,-1.0,-1.0
output:603982,-1,-1.0,-1.0
output:603984,-1,-1.0,-1.0
output:603987,-1,-1.0,-1.0
output:603999,-1,-1.0,-1.0
output:125869,-1,-1.0,-1.0
output:604001,-1,-1.0,-1.0
output:604026,-1,-1.0,-1.0
output:125543,-1,-1.0,-1.0
output:568377,-1,-1.0,-1.0
output:568370,-1,-1.0,-1.0
output:568371,-1,-1.0,-1.0
output:568375,-1,-1.0,-1.0
output:568361,-1,-1.0,-1.0
output:603814,-1,-1.0,-1.0
output:125524,-1,-1.0,-1.0
output:603815,-1,-1.0,-1.0
output:603862,-1,-1.0,-1.0
output:125498,-1,-1.0,-1.0
output:568395,-1,-1.0,-1.0
output:568445,-1,-1.0,-1.0
output:125452,-1,-1.0,-1.0
output:125447,-1,-1.0,-1.0
output:125446,-1,-1.0,-1.0
output:125467,-1,-1.0,-1.0
output:568430,-1,-1.0,-1.0
output:125468,-1,-1.0,-1.0
output:125469,-1,-1.0,-1.0
output:603655,-1,-1.0,-1.0
output:603652,-1,-1.0,-1.0
output:603649,-1,-1.0,-1.0
output:603707,-1,-1.0,-1.0
output:568489,-1,-1.0,-1.0
output:603695,-1,-1.0,-1.0
output:603734,-1,-1.0,-1.0
output:568516,-1,-1.0,-1.0
output:568520,-1,-1.0,-1.0
output:125571,-1,-1.0,-1.0
output:125568,-1,-1.0,-1.0
output:603744,-1,-1.0,-1.0
output:568553,-1,-1.0,-1.0
output:124342,-1,-1.0,-1.0
output:124376,-1,-1.0,-1.0
output:246736,-1,-1.0,-1.0
output:168993,-1,-1.0,-1.0
output:124414,-1,-1.0,-1.0
output:124413,-1,-1.0,-1.0
output:124412,-1,-1.0,-1.0
output:124212,-1,-1.0,-1.0
output:124210,-1,-1.0,-1.0
output:124211,-1,-1.0,-1.0
output:124209,-1,-1.0,-1.0
output:604280,-1,-1.0,-1.0
output:169247,-1,-1.0,-1.0
output:604216,-1,-1.0,-1.0
output:124111,-1,-1.0,-1.0
output:246477,-1,-1.0,-1.0
output:246475,-1,-1.0,-1.0
output:123933,-1,-1.0,-1.0
output:123930,-1,-1.0,-1.0
output:123931,-1,-1.0,-1.0
output:246273,-1,-1.0,-1.0
output:123914,-1,-1.0,-1.0
output:169362,-1,-1.0,-1.0
output:246349,-1,-1.0,-1.0
output:604296,-1,-1.0,-1.0
output:169385,-1,-1.0,-1.0
output:246252,-1,-1.0,-1.0
output:124884,-1,-1.0,-1.0
output:124887,-1,-1.0,-1.0
output:124883,-1,-1.0,-1.0
output:124688,-1,-1.0,-1.0
output:124782,-1,-1.0,-1.0
output:124787,-1,-1.0,-1.0
output:124784,-1,-1.0,-1.0
output:124610,-1,-1.0,-1.0
output:124438,-1,-1.0,-1.0
output:124439,-1,-1.0,-1.0
output:247779,-1,-1.0,-1.0
output:567267,-1,-1.0,-1.0
output:567272,-1,-1.0,-1.0
output:247699,-1,-1.0,-1.0
output:247720,-1,-1.0,-1.0
output:168137,-1,-1.0,-1.0
output:168201,-1,-1.0,-1.0
output:247501,-1,-1.0,-1.0
output:123021,-1,-1.0,-1.0
output:168344,-1,-1.0,-1.0
output:247409,-1,-1.0,-1.0
output:247396,-1,-1.0,-1.0
output:566885,-1,-1.0,-1.0
output:458879,-1,-1.0,-1.0
output:168508,-1,-1.0,-1.0
output:123897,-1,-1.0,-1.0
output:168554,-1,-1.0,-1.0
output:123814,-1,-1.0,-1.0
output:123813,-1,-1.0,-1.0
output:123816,-1,-1.0,-1.0
output:247141,-1,-1.0,-1.0
output:247150,-1,-1.0,-1.0
output:247126,-1,-1.0,-1.0
output:247130,-1,-1.0,-1.0
output:247131,-1,-1.0,-1.0
output:123681,-1,-1.0,-1.0
output:123680,-1,-1.0,-1.0
output:168644,-1,-1.0,-1.0
output:123654,-1,-1.0,-1.0
output:123674,-1,-1.0,-1.0
output:123676,-1,-1.0,-1.0
output:247066,-1,-1.0,-1.0
output:247029,-1,-1.0,-1.0
output:247020,-1,-1.0,-1.0
output:246979,-1,-1.0,-1.0
output:168830,-1,-1.0,-1.0
output:168831,-1,-1.0,-1.0
output:168786,-1,-1.0,-1.0
output:123522,-1,-1.0,-1.0
output:123473,-1,-1.0,-1.0
output:246839,-1,-1.0,-1.0
output:123429,-1,-1.0,-1.0
output:123428,-1,-1.0,-1.0
