output:365141,-1,-1.0,-1.0
output:244865,0,0.0,-1.0
output:52505,0,0.0,0.0
output:52522,0,0.0,0.0
output:52532,0,0.0,0.0
output:244837,0,0.0,0.0
output:244844,0,0.0,0.0
output:244851,0,0.0,0.0
output:244859,0,0.0,0.0
output:364616,0,0.0,0.0
output:364617,0,0.0,0.0
output:364618,0,0.0,0.0
output:364619,0,0.0,0.0
output:364620,0,0.0,0.0
output:364621,0,0.0,0.0
output:364614,0,0.0,0.0
output:364615,0,0.0,0.0
output:296730,0,0.0,0.0
output:296735,0,0.0,0.0
output:333541,0,0.0,0.0
output:333544,0,0.0,0.0
output:118546,0,0.0,0.0
output:118550,0,0.0,0.0
output:361866,0,0.0,0.0
output:361865,0,0.0,0.0
output:526097,0,0.0,0.0
output:526093,0,0.0,0.0
output:217665,0,0.0,0.0
output:565701,0,0.0,0.0
output:622544,0,0.0,0.0
output:622547,0,0.0,0.0
output:622546,0,0.0,0.0
output:622540,0,0.0,0.0
output:622541,0,0.0,0.0
output:622542,0,0.0,0.0
output:622543,0,0.0,0.0
output:622536,0,0.0,0.0
output:622537,0,0.0,0.0
output:622538,0,0.0,0.0
output:622539,0,0.0,0.0
output:622534,0,0.0,0.0
output:622535,0,0.0,0.0
output:565688,0,0.0,0.0
output:565695,0,0.0,0.0
output:168028,0,0.0,0.0
output:168029,0,0.0,0.0
output:168026,0,0.0,0.0
output:168025,0,0.0,0.0
output:168022,0,0.0,0.0
output:365140,-1,-1.0,-1.0
output:52559,-1,-1.0,-1.0
output:563236,1,0.0,-1.0
output:563243,1,0.0,0.0
output:522991,1,0.0,0.0
output:522999,1,0.0,0.0
output:522996,1,0.0,0.0
output:118697,1,0.0,0.0
output:563240,2,0.0,-1.0
output:563735,2,0.0,0.0
output:563738,2,0.0,0.0
output:53060,2,0.0,0.0
output:53061,2,0.0,0.0
output:53059,2,0.0,0.0
output:245285,2,0.0,0.0
output:568528,2,0.0,0.0
output:244883,-1,-1.0,-1.0
output:52486,3,0.0,-1.0
output:52501,3,0.0,0.0
output:122305,3,0.0,0.0
output:122304,3,0.0,0.0
output:122303,3,0.0,0.0
output:331916,3,0.0,0.0
output:331914,3,0.0,0.0
output:117774,3,0.0,0.0
output:117776,3,0.0,0.0
output:117777,3,0.0,0.0
output:117778,3,0.0,0.0
output:407595,3,0.0,0.0
output:407594,3,0.0,0.0
output:362783,3,0.0,0.0
output:362781,3,0.0,0.0
output:22692,3,0.0,0.0
output:290944,3,0.0,0.0
output:290926,3,0.0,0.0
output:365085,4,0.0,-1.0
output:365084,4,0.0,0.0
output:295326,4,0.0,0.0
output:295320,4,0.0,0.0
output:54943,4,0.0,0.0
output:568405,4,0.0,0.0
output:568402,4,0.0,0.0
output:244936,-1,-1.0,-1.0
output:563313,-1,-1.0,-1.0
output:52480,-1,-1.0,-1.0
output:52499,5,0.0,-1.0
output:52511,5,0.0,0.0
output:52518,5,0.0,0.0
output:52524,5,0.0,0.0
output:245351,5,0.0,0.0
output:245363,5,0.0,0.0
output:245361,5,0.0,0.0
output:245367,5,0.0,0.0
output:485440,5,0.0,0.0
output:217829,5,0.0,0.0
output:563270,6,0.0,-1.0
output:563264,6,0.0,0.0
output:563274,6,0.0,0.0
output:51705,6,0.0,0.0
output:50274,6,0.0,0.0
output:50276,6,0.0,0.0
output:50280,6,0.0,0.0
output:50287,6,0.0,0.0
output:50292,6,0.0,0.0
output:243528,6,0.0,0.0
output:119524,6,0.0,0.0
output:119523,6,0.0,0.0
output:119522,6,0.0,0.0
output:119521,6,0.0,0.0
output:562796,6,0.0,0.0
output:562790,6,0.0,0.0
output:562791,6,0.0,0.0
output:486534,6,0.0,0.0
output:23481,6,0.0,0.0
output:52686,7,0.0,-1.0
output:52708,7,0.0,0.0
output:52734,7,0.0,0.0
output:52720,7,0.0,0.0
output:52670,7,0.0,0.0
output:52804,7,0.0,0.0
output:52806,7,0.0,0.0
output:52801,7,0.0,0.0
output:52788,7,0.0,0.0
output:52796,7,0.0,0.0
output:52773,7,0.0,0.0
output:52757,7,0.0,0.0
output:52746,7,0.0,0.0
output:52751,7,0.0,0.0
output:120768,7,0.0,0.0
output:120764,7,0.0,0.0
output:120765,7,0.0,0.0
output:120766,7,0.0,0.0
output:120767,7,0.0,0.0
output:332537,7,0.0,0.0
output:332534,7,0.0,0.0
output:332535,7,0.0,0.0
output:364318,7,0.0,0.0
output:364317,7,0.0,0.0
output:290741,7,0.0,0.0
output:599433,7,0.0,0.0
output:599438,7,0.0,0.0
output:599428,7,0.0,0.0
output:599448,7,0.0,0.0
output:599452,7,0.0,0.0
output:599453,7,0.0,0.0
output:599455,7,0.0,0.0
output:599441,7,0.0,0.0
output:599469,7,0.0,0.0
output:599459,7,0.0,0.0
output:599463,7,0.0,0.0
output:599483,7,0.0,0.0
output:599481,7,0.0,0.0
output:599487,7,0.0,0.0
output:599474,7,0.0,0.0
output:599477,7,0.0,0.0
output:599499,7,0.0,0.0
output:599493,7,0.0,0.0
output:599399,7,0.0,0.0
output:599403,7,0.0,0.0
output:599415,7,0.0,0.0
output:599413,7,0.0,0.0
output:599408,7,0.0,0.0
output:599422,7,0.0,0.0
output:599420,7,0.0,0.0
output:599417,7,0.0,0.0
output:216884,7,0.0,0.0
output:244742,-1,-1.0,-1.0
output:244745,-1,-1.0,-1.0
output:52679,8,0.0,-1.0
output:52695,8,0.0,0.0
output:52711,8,0.0,0.0
output:52729,8,0.0,0.0
output:521692,8,0.0,0.0
output:523981,8,0.0,0.0
output:523986,8,0.0,0.0
output:523991,8,0.0,0.0
output:486293,8,0.0,0.0
output:568957,8,0.0,0.0
output:199686,8,0.0,0.0
output:199685,8,0.0,0.0
output:244759,-1,-1.0,-1.0
output:244763,-1,-1.0,-1.0
output:563356,9,0.0,-1.0
output:242873,9,0.0,0.0
output:118760,9,0.0,0.0
output:118757,9,0.0,0.0
output:118759,9,0.0,0.0
output:21633,9,0.0,0.0
output:53903,9,0.0,0.0
output:53905,9,0.0,0.0
output:53904,9,0.0,0.0
output:406001,9,0.0,0.0
output:217848,9,0.0,0.0
output:217844,9,0.0,0.0
output:217841,9,0.0,0.0
output:217839,9,0.0,0.0
output:123179,9,0.0,0.0
output:50056,9,13.854402734070902,13.854402734070902
output:50038,9,13.854402734070902,13.854402734070902
output:453441,9,17.378996365354816,13.854402734070902
output:487909,9,17.378996365354816,13.854402734070902
output:49243,9,17.378996365354816,13.854402734070902
output:52717,-1,-1.0,-1.0
output:52718,10,0.0,-1.0
output:52727,10,0.0,0.0
output:52764,10,0.0,0.0
output:52742,10,0.0,0.0
output:121011,10,0.0,0.0
output:243344,10,0.0,0.0
output:243335,10,0.0,0.0
output:291421,10,0.0,0.0
output:52705,11,0.0,-1.0
output:120128,11,0.0,0.0
output:120127,11,0.0,0.0
output:484538,11,0.0,0.0
output:290537,11,0.0,0.0
output:954524,11,0.0,0.0
output:851816,11,0.0,0.0
output:851817,11,0.0,0.0
output:601178,11,0.0,0.0
output:601177,11,0.0,0.0
output:122500,-1,-1.0,-1.0
output:122521,-1,-1.0,-1.0
output:295308,-1,-1.0,-1.0
output:52645,-1,-1.0,-1.0
output:294987,-1,-1.0,-1.0
output:730540,-1,-1.0,-1.0
output:245129,-1,-1.0,-1.0
output:122690,-1,-1.0,-1.0
output:405469,12,0.0,-1.0
output:120477,12,0.0,0.0
output:120479,12,0.0,0.0
output:120483,12,0.0,0.0
output:120481,12,0.0,0.0
output:120484,12,0.0,0.0
output:241702,12,0.0,0.0
output:525237,12,0.0,0.0
output:55348,12,0.0,0.0
output:55349,12,0.0,0.0
output:55347,12,0.0,0.0
output:484642,12,0.0,0.0
output:600516,12,0.0,0.0
output:600515,12,0.0,0.0
output:600520,12,0.0,0.0
output:600511,12,0.0,0.0
output:292231,12,0.0,0.0
output:52299,-1,-1.0,-1.0
output:245124,-1,-1.0,-1.0
output:405479,13,0.0,-1.0
output:405478,13,0.0,0.0
output:405480,13,0.0,0.0
output:563999,13,0.0,0.0
output:563996,13,0.0,0.0
output:243800,13,0.0,0.0
output:332132,13,0.0,0.0
output:332134,13,0.0,0.0
output:51031,13,0.0,0.0
output:51037,13,0.0,0.0
output:51035,13,0.0,0.0
output:51033,13,0.0,0.0
output:119849,13,0.0,0.0
output:331844,13,0.0,0.0
output:331850,13,0.0,0.0
output:331855,13,0.0,0.0
output:523720,13,0.0,0.0
output:453795,13,0.0,0.0
output:453788,13,0.0,0.0
output:21644,13,0.0,0.0
output:21625,13,0.0,0.0
output:21623,13,0.0,0.0
output:331488,13,0.0,0.0
output:331479,13,0.0,0.0
output:331485,13,0.0,0.0
output:331482,13,0.0,0.0
output:362006,13,0.0,0.0
output:117383,13,0.0,0.0
output:362211,13,0.0,0.0
output:363021,13,0.0,0.0
output:484835,13,0.0,0.0
output:166181,13,0.0,0.0
output:600189,13,0.0,0.0
output:600180,13,0.0,0.0
output:600183,13,0.0,0.0
output:600194,13,0.0,0.0
output:600199,13,0.0,0.0
output:600202,13,0.0,0.0
output:165788,13,0.0,0.0
output:165781,13,0.0,0.0
output:294022,13,0.0,0.0
output:621963,13,0.0,0.0
output:291391,13,0.0,0.0
output:291397,13,0.0,0.0
output:291402,13,0.0,0.0
output:405484,14,0.0,-1.0
output:405481,14,0.0,0.0
output:405483,14,0.0,0.0
output:405482,14,0.0,0.0
output:119856,14,0.0,0.0
output:119854,14,0.0,0.0
output:119852,14,0.0,0.0
output:119851,14,0.0,0.0
output:331486,14,0.0,0.0
output:362007,14,0.0,0.0
output:23696,14,5.112032144611937,5.112032144611937
output:567014,14,5.112032144611937,5.112032144611937
output:52346,-1,-1.0,-1.0
output:563464,15,0.0,-1.0
output:404512,15,0.0,0.0
output:404511,15,0.0,0.0
output:404510,15,0.0,0.0
output:296939,15,0.0,0.0
output:296935,15,0.0,0.0
output:296927,15,0.0,0.0
output:453089,15,0.0,0.0
output:56730,15,0.0,0.0
output:56729,15,0.0,0.0
output:56728,15,0.0,0.0
output:56726,15,0.0,0.0
output:363254,15,0.0,0.0
output:363253,15,0.0,0.0
output:363252,15,0.0,0.0
output:363251,15,0.0,0.0
output:363256,15,0.0,0.0
output:598281,15,0.0,0.0
output:598287,15,0.0,0.0
output:565571,15,0.0,0.0
output:565561,15,0.0,0.0
output:52344,-1,-1.0,-1.0
output:245163,-1,-1.0,-1.0
output:405376,16,0.0,-1.0
output:405375,16,0.0,0.0
output:332039,16,0.0,0.0
output:332034,16,0.0,0.0
output:332046,16,0.0,0.0
output:332041,16,0.0,0.0
output:332055,16,0.0,0.0
output:332052,16,0.0,0.0
output:332061,16,0.0,0.0
output:332059,16,0.0,0.0
output:243425,16,0.0,0.0
output:243417,16,0.0,0.0
output:332029,16,0.0,0.0
output:331297,16,0.0,0.0
output:331296,16,0.0,0.0
output:362199,16,0.0,0.0
output:362198,16,0.0,0.0
output:363087,16,0.0,0.0
output:53750,16,0.0,0.0
output:53728,16,0.0,0.0
output:53736,16,0.0,0.0
output:53743,16,0.0,0.0
output:53719,16,0.0,0.0
output:53708,16,0.0,0.0
output:290765,16,0.0,0.0
output:290766,16,0.0,0.0
output:166121,16,0.0,0.0
output:954629,16,0.0,0.0
output:293355,16,0.0,0.0
output:293346,16,0.0,0.0
output:293335,16,0.0,0.0
output:291836,16,0.0,0.0
output:291828,16,0.0,0.0
output:52241,17,0.0,-1.0
output:564014,17,0.0,0.0
output:564029,17,0.0,0.0
output:121007,17,0.0,0.0
output:121006,17,0.0,0.0
output:121005,17,0.0,0.0
output:121010,17,0.0,0.0
output:121008,17,0.0,0.0
output:522249,17,0.0,0.0
output:522252,17,0.0,0.0
output:332658,17,0.0,0.0
output:452730,17,0.0,0.0
output:242138,17,0.0,0.0
output:49720,17,0.0,0.0
output:49712,17,0.0,0.0
output:362412,17,0.0,0.0
output:23433,17,0.0,0.0
output:23440,17,0.0,0.0
output:405538,17,0.0,0.0
output:405537,17,0.0,0.0
output:405536,17,0.0,0.0
output:167005,17,0.0,0.0
output:294066,17,0.0,0.0
output:294051,17,0.0,0.0
output:294062,17,0.0,0.0
output:569267,17,0.0,0.0
output:622047,17,0.0,0.0
output:622046,17,0.0,0.0
output:200149,17,0.0,0.0
output:290981,17,0.0,0.0
output:290994,17,0.0,0.0
output:290965,17,0.0,0.0
output:52254,-1,-1.0,-1.0
output:405391,18,0.0,-1.0
output:405390,18,0.0,0.0
output:51202,18,0.0,0.0
output:119751,18,0.0,0.0
output:240209,18,0.0,0.0
output:123994,18,0.0,0.0
output:563568,-1,-1.0,-1.0
output:405406,19,0.0,-1.0
output:405407,19,0.0,0.0
output:405404,19,0.0,0.0
output:405405,19,0.0,0.0
output:405409,19,0.0,0.0
output:405408,19,0.0,0.0
output:405410,19,0.0,0.0
output:563748,19,0.0,0.0
output:563759,19,0.0,0.0
output:563895,19,0.0,0.0
output:52912,19,0.0,0.0
output:52905,19,0.0,0.0
output:52904,19,0.0,0.0
output:52911,19,0.0,0.0
output:52910,19,0.0,0.0
output:52908,19,0.0,0.0
output:404060,19,0.0,0.0
output:404059,19,0.0,0.0
output:729543,19,0.0,0.0
output:729542,19,0.0,0.0
output:729539,19,0.0,0.0
output:729538,19,0.0,0.0
output:729550,19,0.0,0.0
output:729548,19,0.0,0.0
output:729547,19,0.0,0.0
output:729546,19,0.0,0.0
output:729558,19,0.0,0.0
output:729559,19,0.0,0.0
output:729555,19,0.0,0.0
output:729552,19,0.0,0.0
output:729553,19,0.0,0.0
output:729562,19,0.0,0.0
output:729526,19,0.0,0.0
output:729528,19,0.0,0.0
output:729533,19,0.0,0.0
output:729535,19,0.0,0.0
output:521962,19,0.0,0.0
output:521957,19,0.0,0.0
output:403733,19,0.0,0.0
output:403732,19,0.0,0.0
output:453434,19,0.0,0.0
output:522882,19,0.0,0.0
output:522888,19,0.0,0.0
output:522891,19,0.0,0.0
output:119872,19,0.0,0.0
output:119870,19,0.0,0.0
output:119866,19,0.0,0.0
output:331992,19,0.0,0.0
output:331994,19,0.0,0.0
output:241993,19,0.0,0.0
output:241984,19,0.0,0.0
output:242009,19,0.0,0.0
output:242024,19,0.0,0.0
output:242047,19,0.0,0.0
output:454171,19,0.0,0.0
output:241980,19,0.0,0.0
output:241971,19,0.0,0.0
output:562831,19,0.0,0.0
output:562830,19,0.0,0.0
output:49827,19,0.0,0.0
output:49826,19,0.0,0.0
output:49825,19,0.0,0.0
output:49824,19,0.0,0.0
output:49831,19,0.0,0.0
output:49830,19,0.0,0.0
output:49829,19,0.0,0.0
output:49828,19,0.0,0.0
output:49834,19,0.0,0.0
output:49833,19,0.0,0.0
output:49832,19,0.0,0.0
output:49823,19,0.0,0.0
output:485413,19,0.0,0.0
output:241079,19,0.0,0.0
output:241069,19,0.0,0.0
output:241058,19,0.0,0.0
output:241115,19,0.0,0.0
output:998503,19,0.0,0.0
output:998509,19,0.0,0.0
output:998513,19,0.0,0.0
output:998519,19,0.0,0.0
output:998516,19,0.0,0.0
output:118138,19,0.0,0.0
output:239947,19,0.0,0.0
output:959322,19,0.0,0.0
output:959320,19,0.0,0.0
output:331758,19,0.0,0.0
output:331752,19,0.0,0.0
output:240576,19,0.0,0.0
output:240588,19,0.0,0.0
output:240565,19,0.0,0.0
output:240560,19,0.0,0.0
output:240549,19,0.0,0.0
output:240550,19,0.0,0.0
output:240205,19,0.0,0.0
output:240217,19,0.0,0.0
output:908978,19,0.0,0.0
output:908977,19,0.0,0.0
output:484189,19,0.0,0.0
output:22847,19,0.0,0.0
output:22891,19,0.0,0.0
output:22860,19,0.0,0.0
output:22865,19,0.0,0.0
output:22875,19,0.0,0.0
output:22879,19,0.0,0.0
output:485069,19,0.0,0.0
output:484887,19,0.0,0.0
output:598163,19,0.0,0.0
output:598166,19,0.0,0.0
output:598157,19,0.0,0.0
output:598658,19,0.0,0.0
output:598668,19,0.0,0.0
output:598653,19,0.0,0.0
output:217177,19,0.0,0.0
output:217189,19,0.0,0.0
output:599225,19,0.0,0.0
output:599229,19,0.0,0.0
output:599230,19,0.0,0.0
output:599217,19,0.0,0.0
output:599221,19,0.0,0.0
output:599210,19,0.0,0.0
output:599214,19,0.0,0.0
output:599206,19,0.0,0.0
output:599234,19,0.0,0.0
output:599398,19,0.0,0.0
output:599407,19,0.0,0.0
output:599402,19,0.0,0.0
output:955034,19,0.0,0.0
output:955032,19,0.0,0.0
output:955033,19,0.0,0.0
output:166682,19,0.0,0.0
output:165578,19,0.0,0.0
output:165583,19,0.0,0.0
output:165570,19,0.0,0.0
output:165574,19,0.0,0.0
output:165566,19,0.0,0.0
output:883471,19,0.0,0.0
output:200296,19,0.0,0.0
output:200298,19,0.0,0.0
output:200300,19,0.0,0.0
output:200291,19,0.0,0.0
output:200293,19,0.0,0.0
output:292503,19,0.0,0.0
output:292510,19,0.0,0.0
output:621762,19,0.0,0.0
output:291469,19,0.0,0.0
output:291462,19,0.0,0.0
output:291460,19,0.0,0.0
output:291473,19,0.0,0.0
output:291439,19,0.0,0.0
output:216562,19,0.0,0.0
output:51858,19,0.0,3.615050421996041
output:51859,19,0.0,0.0
output:49851,19,0.0,0.0
output:49854,19,0.0,0.0
output:49852,19,0.0,0.0
output:49853,19,0.0,0.0
output:240827,19,0.0,0.0
output:118315,19,0.0,0.0
output:241453,19,0.0,0.0
output:116725,19,0.0,0.0
output:23031,19,0.0,0.0
output:598710,19,0.0,0.0
output:598716,19,0.0,0.0
output:52233,-1,-1.0,-1.0
output:979804,20,7.355594133607924,-1.0
output:998231,20,7.355594133607924,7.355594133607924
output:696630,20,7.355594133607924,7.355594133607924
output:123247,20,7.355594133607924,7.355594133607924
output:404560,20,0.0,7.355594133607924
output:404559,20,0.0,0.0
output:241936,20,0.0,0.0
output:166255,20,0.0,0.0
output:600490,20,0.0,0.0
output:600494,20,0.0,0.0
output:293398,20,0.0,0.0
output:293402,20,0.0,0.0
output:293382,20,0.0,0.0
output:293390,20,0.0,0.0
output:52262,21,0.0,-1.0
output:52261,21,0.0,0.0
output:52264,21,0.0,0.0
output:564180,21,0.0,0.0
output:296826,21,0.0,0.0
output:120564,21,0.0,0.0
output:120562,21,0.0,0.0
output:120561,21,0.0,0.0
output:120559,21,0.0,0.0
output:120557,21,0.0,0.0
output:120556,21,0.0,0.0
output:485514,21,0.0,0.0
output:52257,-1,-1.0,-1.0
output:52265,-1,-1.0,-1.0
output:52441,22,0.0,-1.0
output:52442,22,0.0,0.0
output:52443,22,0.0,0.0
output:52444,22,0.0,0.0
output:52445,22,0.0,0.0
output:52446,22,0.0,0.0
output:52438,22,0.0,0.0
output:52439,22,0.0,0.0
output:526381,22,0.0,0.0
output:405650,22,0.0,0.0
output:602684,22,0.0,0.0
output:602680,22,0.0,0.0
output:602681,22,0.0,0.0
output:602677,22,0.0,0.0
output:602674,22,0.0,0.0
output:602670,22,0.0,0.0
output:568893,22,0.0,0.0
output:568891,22,0.0,0.0
output:568883,22,0.0,0.0
output:568877,22,0.0,0.0
output:568873,22,0.0,0.0
output:568897,22,0.0,0.0
output:568902,22,0.0,0.0
output:979883,23,0.0,-1.0
output:730374,23,0.0,0.0
output:730375,23,0.0,0.0
output:51876,23,0.0,0.0
output:763098,23,0.0,0.0
output:120581,23,0.0,0.0
output:120587,23,0.0,0.0
output:120584,23,0.0,0.0
output:456347,23,0.0,0.0
output:599877,23,0.0,0.0
output:882784,23,0.0,0.0
output:882786,23,0.0,0.0
output:641573,23,7.362697722894036,7.362697722894036
output:295138,24,0.0,-1.0
output:295136,24,0.0,0.0
output:295145,24,0.0,0.0
output:295150,24,0.0,0.0
output:523116,24,0.0,0.0
output:523096,24,0.0,0.0
output:523103,24,0.0,0.0
output:523082,24,0.0,0.0
output:405349,-1,-1.0,-1.0
output:563584,25,0.0,-1.0
output:245662,25,0.0,0.0
output:245660,25,0.0,0.0
output:245657,25,0.0,0.0
output:245650,25,0.0,0.0
output:522052,25,0.0,0.0
output:522042,25,0.0,0.0
output:640967,25,0.0,0.0
output:640966,25,0.0,0.0
output:487348,25,0.0,0.0
output:487342,25,0.0,0.0
output:563688,26,0.0,-1.0
output:563696,26,0.0,0.0
output:563662,26,0.0,0.0
output:563677,26,0.0,0.0
output:563673,26,0.0,0.0
output:563667,26,0.0,0.0
output:730840,26,0.0,0.0
output:121894,26,0.0,0.0
output:730841,26,0.0,0.0
output:121895,26,0.0,0.0
output:730842,26,0.0,0.0
output:730844,26,0.0,0.0
output:730845,26,0.0,0.0
output:730846,26,0.0,0.0
output:121889,26,0.0,0.0
output:121903,26,0.0,0.0
output:121900,26,0.0,0.0
output:121901,26,0.0,0.0
output:121898,26,0.0,0.0
output:121899,26,0.0,0.0
output:730838,26,0.0,0.0
output:121896,26,0.0,0.0
output:730839,26,0.0,0.0
output:121909,26,0.0,0.0
output:121908,26,0.0,0.0
output:121919,26,0.0,0.0
output:121918,26,0.0,0.0
output:121916,26,0.0,0.0
output:121914,26,0.0,0.0
output:121912,26,0.0,0.0
output:404563,26,0.0,0.0
output:404562,26,0.0,0.0
output:404565,26,0.0,0.0
output:404564,26,0.0,0.0
output:521658,26,0.0,0.0
output:521649,26,0.0,0.0
output:403629,26,0.0,0.0
output:521854,26,0.0,0.0
output:403864,26,0.0,0.0
output:641099,26,0.0,0.0
output:332564,26,0.0,0.0
output:332571,26,0.0,0.0
output:332568,26,0.0,0.0
output:50562,26,0.0,0.0
output:50561,26,0.0,0.0
output:50560,26,0.0,0.0
output:242785,26,0.0,0.0
output:242792,26,0.0,0.0
output:50557,26,0.0,0.0
output:50556,26,0.0,0.0
output:50559,26,0.0,0.0
output:50558,26,0.0,0.0
output:453160,26,0.0,0.0
output:453156,26,0.0,0.0
output:523181,26,0.0,0.0
output:454006,26,0.0,0.0
output:762715,26,0.0,0.0
output:762716,26,0.0,0.0
output:21578,26,0.0,0.0
output:21568,26,0.0,0.0
output:21590,26,0.0,0.0
output:21561,26,0.0,0.0
output:240731,26,0.0,0.0
output:997778,26,0.0,0.0
output:997766,26,0.0,0.0
output:997771,26,0.0,0.0
output:240459,26,0.0,0.0
output:240461,26,0.0,0.0
output:908442,26,0.0,0.0
output:908444,26,0.0,0.0
output:362793,26,0.0,0.0
output:484115,26,0.0,0.0
output:22885,26,0.0,0.0
output:22877,26,0.0,0.0
output:696854,26,0.0,0.0
output:696849,26,0.0,0.0
output:696861,26,0.0,0.0
output:696858,26,0.0,0.0
output:696869,26,0.0,0.0
output:696872,26,0.0,0.0
output:696880,26,0.0,0.0
output:484947,26,0.0,0.0
output:484951,26,0.0,0.0
output:849438,26,0.0,0.0
output:849434,26,0.0,0.0
output:849455,26,0.0,0.0
output:849449,26,0.0,0.0
output:849442,26,0.0,0.0
output:849470,26,0.0,0.0
output:849466,26,0.0,0.0
output:849458,26,0.0,0.0
output:598400,26,0.0,0.0
output:849715,26,0.0,0.0
output:849713,26,0.0,0.0
output:598379,26,0.0,0.0
output:598396,26,0.0,0.0
output:598393,26,0.0,0.0
output:598389,26,0.0,0.0
output:849800,26,0.0,0.0
output:599310,26,0.0,0.0
output:599311,26,0.0,0.0
output:599314,26,0.0,0.0
output:166763,26,0.0,0.0
output:166766,26,0.0,0.0
output:166768,26,0.0,0.0
output:695273,26,0.0,0.0
output:695263,26,0.0,0.0
output:728670,26,0.0,0.0
output:565707,26,0.0,0.0
output:565696,26,0.0,0.0
output:565689,26,0.0,0.0
output:882670,26,0.0,0.0
output:291968,26,0.0,0.0
output:291977,26,0.0,0.0
output:291986,26,0.0,0.0
output:291990,26,0.0,0.0
output:291947,26,0.0,0.0
output:291963,26,0.0,0.0
output:291958,26,0.0,0.0
output:291955,26,0.0,0.0
output:935714,26,0.0,0.0
output:216460,26,0.0,0.0
output:405275,-1,-1.0,-1.0
output:405274,-1,-1.0,-1.0
output:563711,27,0.0,-1.0
output:49362,27,0.0,0.0
output:49363,27,0.0,0.0
output:49364,27,0.0,0.0
output:49365,27,0.0,0.0
output:49366,27,0.0,0.0
output:405289,28,0.0,-1.0
output:404502,28,0.0,0.0
output:50425,28,0.0,0.0
output:54708,28,0.0,0.0
output:54710,28,0.0,0.0
output:599937,28,0.0,0.0
output:199510,28,0.0,0.0
output:199514,28,0.0,0.0
output:52400,29,0.0,-1.0
output:52398,29,0.0,0.0
output:52396,29,0.0,0.0
output:52392,29,0.0,0.0
output:167543,29,0.0,0.0
output:200330,29,0.0,0.0
output:200329,29,0.0,0.0
output:621167,29,0.0,0.0
output:245102,-1,-1.0,-1.0
output:295101,-1,-1.0,-1.0
output:563732,30,0.0,-1.0
output:563717,30,0.0,0.0
output:563725,30,0.0,0.0
output:51518,30,0.0,0.0
output:51514,30,0.0,0.0
output:51520,30,0.0,0.0
output:522206,30,0.0,0.0
output:123293,30,0.0,0.0
output:123292,30,0.0,0.0
output:123295,30,0.0,0.0
output:123296,30,0.0,0.0
output:364670,-1,-1.0,-1.0
output:53109,-1,-1.0,-1.0
output:245439,31,0.0,-1.0
output:119703,31,0.0,0.0
output:119707,31,0.0,0.0
output:119705,31,0.0,0.0
output:119710,31,0.0,0.0
output:119711,31,0.0,0.0
output:119708,31,0.0,0.0
output:457085,31,0.0,0.0
output:601309,31,0.0,0.0
output:601318,31,0.0,0.0
output:601312,31,0.0,0.0
output:601315,31,0.0,0.0
output:569020,31,0.0,0.0
output:569027,31,0.0,0.0
output:53107,-1,-1.0,-1.0
output:53117,-1,-1.0,-1.0
output:295783,32,0.0,-1.0
output:332305,32,0.0,0.0
output:332299,32,0.0,0.0
output:332300,32,0.0,0.0
output:22999,32,0.0,0.0
output:124448,32,0.0,0.0
output:124442,32,0.0,0.0
output:124446,32,0.0,0.0
output:124447,32,0.0,0.0
output:124444,32,0.0,0.0
output:124445,32,0.0,0.0
output:563774,33,0.0,-1.0
output:563792,33,0.0,0.0
output:563798,33,0.0,0.0
output:563779,33,0.0,0.0
output:563785,33,0.0,0.0
output:563789,33,0.0,0.0
output:121029,33,0.0,0.0
output:121028,33,0.0,0.0
output:121031,33,0.0,0.0
output:121030,33,0.0,0.0
output:568548,33,0.0,0.0
output:568551,33,0.0,0.0
output:568545,33,0.0,0.0
output:290990,33,0.0,0.0
output:291000,33,0.0,0.0
output:295752,34,0.0,-1.0
output:295739,34,0.0,0.0
output:295728,34,0.0,0.0
output:295724,34,0.0,0.0
output:245594,34,0.0,0.0
output:453118,34,0.0,0.0
output:331875,34,0.0,0.0
output:331871,34,0.0,0.0
output:566382,34,0.0,0.0
output:566376,34,0.0,0.0
output:566378,34,0.0,0.0
output:566374,34,0.0,0.0
output:566368,34,0.0,0.0
output:566371,34,0.0,0.0
output:563755,35,0.0,-1.0
output:563886,35,0.0,0.0
output:119874,35,0.0,0.0
output:119861,35,0.0,0.0
output:119871,35,0.0,0.0
output:119864,35,0.0,0.0
output:562841,35,0.0,0.0
output:621760,35,0.0,0.0
output:291446,35,0.0,0.0
output:291451,35,0.0,0.0
output:364597,-1,-1.0,-1.0
output:563776,-1,-1.0,-1.0
output:295707,-1,-1.0,-1.0
output:121857,36,0.0,-1.0
output:121853,36,0.0,0.0
output:121850,36,0.0,0.0
output:50912,36,0.0,0.0
output:50910,36,0.0,0.0
output:50911,36,0.0,0.0
output:199930,36,0.0,0.0
output:52996,-1,-1.0,-1.0
output:52997,-1,-1.0,-1.0
output:295700,-1,-1.0,-1.0
output:334220,-1,-1.0,-1.0
output:53008,-1,-1.0,-1.0
output:53013,-1,-1.0,-1.0
output:121886,-1,-1.0,-1.0
output:563862,37,0.0,-1.0
output:121491,37,0.0,0.0
output:454447,37,0.0,0.0
output:54301,37,0.0,0.0
output:54302,37,0.0,0.0
output:216680,37,0.0,0.0
output:243356,37,0.0,12.948766195364232
output:243347,37,0.0,0.0
output:362272,37,0.0,0.0
output:601362,37,0.0,0.0
output:601367,37,0.0,0.0
output:601357,37,0.0,0.0
output:568467,37,0.0,0.0
output:568464,37,0.0,0.0
output:568469,37,0.0,0.0
output:568475,37,0.0,0.0
output:568477,37,0.0,0.0
output:568481,37,0.0,0.0
output:53239,-1,-1.0,-1.0
output:122056,-1,-1.0,-1.0
output:122058,-1,-1.0,-1.0
output:245256,-1,-1.0,-1.0
output:245269,-1,-1.0,-1.0
output:53214,38,0.0,-1.0
output:53213,38,0.0,0.0
output:487852,38,0.0,0.0
output:640475,38,0.0,0.0
output:119881,38,0.0,0.0
output:119884,38,0.0,0.0
output:242222,38,0.0,0.0
output:118536,38,0.0,0.0
output:454966,38,0.0,0.0
output:525583,38,0.0,0.0
output:166473,38,0.0,0.0
output:294004,38,0.0,0.0
output:294000,38,0.0,0.0
output:293992,38,0.0,0.0
output:293985,38,0.0,0.0
output:200553,38,0.0,0.0
output:245265,-1,-1.0,-1.0
output:245276,-1,-1.0,-1.0
output:334133,-1,-1.0,-1.0
output:364730,-1,-1.0,-1.0
output:245357,-1,-1.0,-1.0
output:334119,-1,-1.0,-1.0
output:563955,39,5.092618158213633,-1.0
output:563949,39,0.0,5.092618158213633
output:454891,39,0.0,0.0
output:56123,39,0.0,0.0
output:56125,39,0.0,0.0
output:56129,39,0.0,0.0
output:407394,39,0.0,0.0
output:166493,39,0.0,0.0
output:166483,39,0.0,0.0
output:291580,39,0.0,0.0
output:295819,40,0.0,-1.0
output:295817,40,0.0,0.0
output:641857,40,0.0,0.0
output:640216,40,0.0,0.0
output:119427,40,0.0,0.0
output:119430,40,0.0,0.0
output:405919,40,0.0,0.0
output:405920,40,0.0,0.0
output:405921,40,0.0,0.0
output:563940,-1,-1.0,-1.0
output:295535,41,8.422116544211605,-1.0
output:295544,41,8.422116544211605,8.422116544211605
output:295537,41,8.422116544211605,8.422116544211605
output:488089,41,13.347023346706834,8.422116544211605
output:488084,41,13.347023346706834,8.422116544211605
output:602149,41,13.347023346706834,8.422116544211605
output:364900,-1,-1.0,-1.0
output:364901,-1,-1.0,-1.0
output:295502,42,0.0,-1.0
output:295497,42,0.0,0.0
output:295508,42,0.0,0.0
output:600470,42,0.0,0.0
output:600472,42,0.0,0.0
output:600474,42,0.0,0.0
output:404928,-1,-1.0,-1.0
output:52805,-1,-1.0,-1.0
output:122190,-1,-1.0,-1.0
output:122191,-1,-1.0,-1.0
output:122162,-1,-1.0,-1.0
output:404907,-1,-1.0,-1.0
output:295484,-1,-1.0,-1.0
output:122130,-1,-1.0,-1.0
output:295438,-1,-1.0,-1.0
output:295430,-1,-1.0,-1.0
output:364830,43,0.0,-1.0
output:243440,43,0.0,0.0
output:50029,43,0.0,0.0
output:119280,43,0.0,0.0
output:119282,43,0.0,0.0
output:119283,43,0.0,0.0
output:119284,43,0.0,0.0
output:119285,43,0.0,0.0
output:119287,43,0.0,0.0
output:119289,43,0.0,0.0
output:23989,43,0.0,0.0
output:23996,43,0.0,0.0
output:166030,43,0.0,0.0
output:122112,-1,-1.0,-1.0
output:122127,-1,-1.0,-1.0
output:122121,-1,-1.0,-1.0
output:564111,-1,-1.0,-1.0
output:122364,-1,-1.0,-1.0
output:295650,44,0.0,-1.0
output:295648,44,0.0,0.0
output:295643,44,0.0,0.0
output:241757,44,0.0,0.0
output:241781,44,0.0,0.0
output:241765,44,0.0,0.0
output:118671,44,0.0,0.0
output:486507,44,0.0,0.0
output:486495,44,0.0,0.0
output:486487,44,0.0,0.0
output:55297,44,0.0,0.0
output:55296,44,0.0,0.0
output:526263,44,0.0,0.0
output:526255,44,0.0,0.0
output:55295,44,0.0,0.0
output:167828,44,0.0,0.0
output:167827,44,0.0,0.0
output:199060,44,0.0,0.0
output:122365,-1,-1.0,-1.0
output:122366,-1,-1.0,-1.0
output:122340,-1,-1.0,-1.0
output:122343,-1,-1.0,-1.0
output:979332,-1,-1.0,-1.0
output:122342,-1,-1.0,-1.0
output:245527,-1,-1.0,-1.0
output:365010,-1,-1.0,-1.0
output:245510,-1,-1.0,-1.0
output:979374,-1,-1.0,-1.0
output:245505,-1,-1.0,-1.0
output:122306,-1,-1.0,-1.0
output:122296,-1,-1.0,-1.0
output:333864,-1,-1.0,-1.0
output:245603,-1,-1.0,-1.0
output:364935,-1,-1.0,-1.0
output:122271,-1,-1.0,-1.0
output:122268,-1,-1.0,-1.0
output:52893,-1,-1.0,-1.0
output:404744,45,0.0,-1.0
output:404742,45,0.0,0.0
output:404743,45,0.0,0.0
output:404741,45,0.0,0.0
output:523731,45,0.0,0.0
output:523728,45,0.0,0.0
output:523722,45,0.0,0.0
output:118829,45,0.0,0.0
output:569495,45,0.0,0.0
output:602210,45,0.0,0.0
output:333827,46,0.0,-1.0
output:121437,46,0.0,0.0
output:121439,46,0.0,0.0
output:121435,46,0.0,0.0
output:121429,46,0.0,0.0
output:121445,46,0.0,0.0
output:121443,46,0.0,0.0
output:121441,46,0.0,0.0
output:294582,46,0.0,0.0
output:294589,46,0.0,0.0
output:119258,46,10.156684176234123,10.156684176234123
output:22928,46,10.406721327856006,10.406721327856006
output:125204,46,10.406721327856006,10.406721327856006
output:51756,46,-1.0,18.806325406938683
output:245593,-1,-1.0,-1.0
output:245597,-1,-1.0,-1.0
output:122255,-1,-1.0,-1.0
output:295572,47,0.0,-1.0
output:332547,47,0.0,0.0
output:488058,47,0.0,0.0
output:456195,47,0.0,0.0
output:456194,47,0.0,0.0
output:362127,47,0.0,0.0
output:167705,47,0.0,0.0
output:122251,-1,-1.0,-1.0
output:122249,-1,-1.0,-1.0
output:122240,-1,-1.0,-1.0
output:243907,-1,-1.0,-1.0
output:452554,-1,-1.0,-1.0
output:296253,-1,-1.0,-1.0
output:564311,48,0.0,-1.0
output:564306,48,0.0,0.0
output:244523,48,0.0,0.0
output:525774,48,0.0,0.0
output:525771,48,0.0,0.0
output:525765,48,0.0,0.0
output:53981,48,0.0,0.0
output:485167,48,0.0,0.0
output:51516,49,0.0,-1.0
output:51519,49,0.0,0.0
output:51513,49,0.0,0.0
output:51512,49,0.0,0.0
output:51515,49,0.0,0.0
output:294791,49,0.0,0.0
output:48663,49,0.0,0.0
output:48645,49,0.0,0.0
output:566118,49,0.0,0.0
output:566125,49,0.0,0.0
output:566097,49,0.0,0.0
output:566101,49,0.0,0.0
output:566110,49,0.0,0.0
output:566083,49,0.0,0.0
output:566089,49,0.0,0.0
output:566067,49,0.0,0.0
output:566065,49,0.0,0.0
output:566077,49,0.0,0.0
output:566073,49,0.0,0.0
output:296238,50,0.0,-1.0
output:523846,50,0.0,0.0
output:523850,50,0.0,0.0
output:453837,50,0.0,0.0
output:453832,50,0.0,0.0
output:453835,50,0.0,0.0
output:485857,50,0.0,0.0
output:485850,50,0.0,0.0
output:54156,50,0.0,0.0
output:601100,50,0.0,0.0
output:601104,50,0.0,0.0
output:296239,51,6.71232448578628,-1.0
output:51823,51,6.71232448578628,6.71232448578628
output:217878,51,0.0,6.71232448578628
output:217881,51,0.0,0.0
output:217882,51,0.0,0.0
output:124000,51,0.0,0.0
output:124002,51,0.0,0.0
output:124005,51,0.0,0.0
output:124004,51,0.0,0.0
output:124006,51,0.0,0.0
output:124008,51,0.0,0.0
output:121416,-1,-1.0,-1.0
output:121413,-1,-1.0,-1.0
output:404178,-1,-1.0,-1.0
output:564259,52,0.0,-1.0
output:564248,52,0.0,0.0
output:564252,52,0.0,0.0
output:564244,52,0.0,0.0
output:564238,52,0.0,0.0
output:641199,52,0.0,0.0
output:641200,52,0.0,0.0
output:296308,-1,-1.0,-1.0
output:243878,53,0.0,-1.0
output:332582,53,0.0,0.0
output:525159,53,0.0,0.0
output:567451,53,0.0,0.0
output:567449,53,0.0,0.0
output:567452,53,0.0,0.0
output:567441,53,0.0,0.0
output:567444,53,0.0,0.0
output:124519,53,0.0,0.0
output:124520,53,0.0,0.0
output:564255,-1,-1.0,-1.0
output:404214,54,0.0,-1.0
output:121831,54,0.0,0.0
output:121833,54,0.0,0.0
output:121832,54,0.0,0.0
output:455546,54,0.0,0.0
output:241161,54,0.0,0.0
output:241163,54,0.0,0.0
output:241172,54,0.0,0.0
output:54297,54,0.0,0.0
output:54298,54,0.0,0.0
output:484807,54,0.0,0.0
output:484797,54,0.0,0.0
output:23428,54,0.0,0.0
output:166176,54,0.0,0.0
output:166172,54,0.0,0.0
output:601008,54,0.0,0.0
output:568147,54,0.0,0.0
output:568149,54,0.0,0.0
output:246331,54,0.0,0.0
output:51583,-1,-1.0,-1.0
output:51569,55,0.0,-1.0
output:51570,55,0.0,0.0
output:119764,55,0.0,0.0
output:119765,55,0.0,0.0
output:119762,55,0.0,0.0
output:119761,55,0.0,0.0
output:524764,55,0.0,0.0
output:362191,55,0.0,0.0
output:293885,55,0.0,0.0
output:243900,-1,-1.0,-1.0
output:243790,56,0.0,-1.0
output:243780,56,0.0,0.0
output:121721,56,0.0,0.0
output:121722,56,0.0,0.0
output:296094,56,0.0,0.0
output:296103,56,0.0,0.0
output:564763,56,0.0,0.0
output:564790,56,0.0,0.0
output:564786,56,0.0,0.0
output:564778,56,0.0,0.0
output:564770,56,0.0,0.0
output:51882,56,0.0,0.0
output:455133,56,0.0,0.0
output:166062,56,0.0,0.0
output:601698,56,0.0,0.0
output:601701,56,0.0,0.0
output:601704,56,0.0,0.0
output:601709,56,0.0,0.0
output:601695,56,0.0,0.0
output:51588,57,0.0,-1.0
output:51587,57,0.0,0.0
output:296985,57,0.0,0.0
output:296978,57,0.0,0.0
output:568510,57,0.0,0.0
output:568517,57,0.0,0.0
output:568522,57,0.0,0.0
output:243777,-1,-1.0,-1.0
output:564432,-1,-1.0,-1.0
output:729178,-1,-1.0,-1.0
output:564412,58,0.0,-1.0
output:564399,58,0.0,0.0
output:564396,58,0.0,0.0
output:602341,58,0.0,0.0
output:602337,58,0.0,0.0
output:602338,58,0.0,0.0
output:602332,58,0.0,0.0
output:51661,-1,-1.0,-1.0
output:51666,-1,-1.0,-1.0
output:121557,-1,-1.0,-1.0
output:51667,-1,-1.0,-1.0
output:51665,-1,-1.0,-1.0
output:243768,-1,-1.0,-1.0
output:564362,-1,-1.0,-1.0
output:452393,59,0.0,-1.0
output:488242,59,0.0,0.0
output:622905,59,0.0,0.0
output:454102,59,0.0,0.0
output:599218,59,0.0,0.0
output:599223,59,0.0,0.0
output:565971,59,0.0,0.0
output:565969,59,0.0,0.0
output:404356,-1,-1.0,-1.0
output:121620,-1,-1.0,-1.0
output:51208,-1,-1.0,-1.0
output:404380,60,0.0,-1.0
output:120638,60,0.0,0.0
output:486633,60,0.0,0.0
output:600345,60,0.0,0.0
output:600348,60,0.0,0.0
output:600340,60,0.0,0.0
output:293053,60,0.0,0.0
output:293061,60,0.0,0.0
output:641715,-1,-1.0,-1.0
output:51207,-1,-1.0,-1.0
output:244198,61,0.0,-1.0
output:333732,61,0.0,0.0
output:455140,61,0.0,0.0
output:364179,61,0.0,0.0
output:364178,61,0.0,0.0
output:601365,61,0.0,0.0
output:601369,61,0.0,0.0
output:292886,61,0.0,0.0
output:292887,61,0.0,0.0
output:622025,61,0.0,0.0
output:566030,61,0.0,0.0
output:566024,61,0.0,0.0
output:565994,61,0.0,0.0
output:565998,61,0.0,0.0
output:565990,61,0.0,0.0
output:566008,61,0.0,0.0
output:566015,61,0.0,0.0
output:566004,61,0.0,0.0
output:565976,61,0.0,0.0
output:565973,61,0.0,0.0
output:296006,-1,-1.0,-1.0
output:51295,62,0.0,-1.0
output:456141,62,0.0,0.0
output:696262,62,0.0,0.0
output:600023,62,0.0,0.0
output:850425,62,0.0,0.0
output:850419,62,0.0,0.0
output:564518,-1,-1.0,-1.0
output:296018,-1,-1.0,-1.0
output:564541,63,0.0,-1.0
output:120051,63,0.0,0.0
output:120048,63,0.0,0.0
output:120054,63,0.0,0.0
output:120052,63,0.0,0.0
output:120043,63,0.0,0.0
output:296021,64,0.0,-1.0
output:296026,64,0.0,0.0
output:296029,64,0.0,0.0
output:486868,64,0.0,0.0
output:486873,64,0.0,0.0
output:240525,64,0.0,0.0
output:362685,64,0.0,0.0
output:362684,64,0.0,0.0
output:217987,64,0.0,0.0
output:217988,64,0.0,0.0
output:567511,64,0.0,0.0
output:564531,-1,-1.0,-1.0
output:121664,-1,-1.0,-1.0
output:51271,-1,-1.0,-1.0
output:404455,65,0.0,-1.0
output:242744,65,0.0,0.0
output:242734,65,0.0,0.0
output:364309,65,0.0,0.0
output:166262,65,0.0,0.0
output:124085,65,0.0,0.0
output:124084,65,0.0,0.0
output:564499,-1,-1.0,-1.0
output:404466,-1,-1.0,-1.0
output:121699,-1,-1.0,-1.0
output:244059,-1,-1.0,-1.0
output:296069,-1,-1.0,-1.0
output:51357,-1,-1.0,-1.0
output:564725,66,0.0,-1.0
output:564728,66,0.0,0.0
output:51998,66,0.0,0.0
output:51997,66,0.0,0.0
output:564738,66,0.0,0.0
output:332723,66,0.0,0.0
output:331839,66,0.0,0.0
output:525770,66,0.0,0.0
output:408071,66,0.0,0.0
output:23454,66,0.0,0.0
output:217776,66,0.0,0.0
output:217772,66,0.0,0.0
output:217775,66,0.0,0.0
output:602383,66,0.0,0.0
output:125033,66,0.0,0.0
output:125032,66,0.0,0.0
output:125031,66,0.0,0.0
output:125030,66,0.0,0.0
output:244064,-1,-1.0,-1.0
output:121815,-1,-1.0,-1.0
output:121811,-1,-1.0,-1.0
output:296128,-1,-1.0,-1.0
output:51403,-1,-1.0,-1.0
output:641607,67,0.0,-1.0
output:453616,67,0.0,0.0
output:363346,67,0.0,0.0
output:363347,67,0.0,0.0
output:601817,67,0.0,0.0
output:199862,67,0.0,0.0
output:199865,67,0.0,0.0
output:199869,67,0.0,0.0
output:124463,67,0.0,0.0
output:404349,-1,-1.0,-1.0
output:120874,68,0.0,-1.0
output:120873,68,0.0,0.0
output:598919,68,0.0,0.0
output:598914,68,0.0,0.0
output:598904,68,0.0,0.0
output:598908,68,0.0,0.0
output:598898,68,0.0,0.0
output:564817,69,0.0,-1.0
output:564812,69,0.0,0.0
output:564805,69,0.0,0.0
output:564798,69,0.0,0.0
output:56126,69,0.0,0.0
output:56127,69,0.0,0.0
output:56119,69,0.0,0.0
output:56131,69,0.0,0.0
output:598243,69,0.0,0.0
output:292031,69,0.0,0.0
output:123383,69,0.0,0.0
output:123384,69,0.0,0.0
output:564822,70,7.137702274268999,-1.0
output:56517,70,7.137702274268999,7.137702274268999
output:524708,70,13.456875981809423,7.137702274268999
output:562906,70,13.456875981809423,7.137702274268999
output:562915,70,13.456875981809423,7.137702274268999
output:562924,70,13.456875981809423,7.137702274268999
output:564800,-1,-1.0,-1.0
output:521954,-1,-1.0,-1.0
output:564803,-1,-1.0,-1.0
output:120845,71,0.0,-1.0
output:120847,71,0.0,0.0
output:120840,71,0.0,0.0
output:120842,71,0.0,0.0
output:120833,71,0.0,0.0
output:120835,71,0.0,0.0
output:120852,71,0.0,0.0
output:120813,71,0.0,0.0
output:120812,71,0.0,0.0
output:120829,71,0.0,0.0
output:120825,71,0.0,0.0
output:120820,71,0.0,0.0
output:120816,71,0.0,0.0
output:569217,71,0.0,0.0
output:569226,71,0.0,0.0
output:569236,71,0.0,0.0
output:569240,71,0.0,0.0
output:292546,71,0.0,0.0
output:292537,71,0.0,0.0
output:51968,-1,-1.0,-1.0
output:244390,72,0.0,-1.0
output:641506,72,0.0,0.0
output:118624,72,0.0,0.0
output:56670,72,0.0,0.0
output:568484,72,0.0,0.0
output:568488,72,0.0,0.0
output:52078,-1,-1.0,-1.0
output:120937,-1,-1.0,-1.0
output:120942,-1,-1.0,-1.0
output:52064,-1,-1.0,-1.0
output:120935,-1,-1.0,-1.0
output:641481,-1,-1.0,-1.0
output:296815,-1,-1.0,-1.0
output:296789,73,0.0,-1.0
output:296783,73,0.0,0.0
output:640200,73,0.0,0.0
output:639999,73,0.0,0.0
output:50065,73,0.0,0.0
output:241457,73,0.0,0.0
output:363357,73,0.0,0.0
output:526657,73,0.0,0.0
output:569324,73,0.0,0.0
output:123139,73,0.0,0.0
output:244374,-1,-1.0,-1.0
output:564772,74,9.009588162637433,-1.0
output:523464,74,9.009588162637433,9.009588162637433
output:523459,74,9.009588162637433,9.009588162637433
output:332362,74,9.009588162637433,9.009588162637433
output:54904,74,9.009588162637433,9.009588162637433
output:565991,74,9.009588162637433,9.009588162637433
output:246355,74,9.009588162637433,9.009588162637433
output:296881,-1,-1.0,-1.0
output:564954,75,9.100097879872964,-1.0
output:564961,75,9.100097879872964,9.100097879872964
output:454431,75,9.100097879872964,9.100097879872964
output:454428,75,9.100097879872964,9.100097879872964
output:121099,75,9.100097879872964,9.100097879872964
output:121097,75,9.100097879872964,9.100097879872964
output:598580,75,9.100097879872964,9.100097879872964
output:564977,-1,-1.0,-1.0
output:120963,-1,-1.0,-1.0
output:244290,-1,-1.0,-1.0
output:296852,-1,-1.0,-1.0
output:52117,-1,-1.0,-1.0
output:120984,-1,-1.0,-1.0
output:365815,-1,-1.0,-1.0
output:641372,-1,-1.0,-1.0
output:641352,-1,-1.0,-1.0
output:244276,76,0.0,-1.0
output:487274,76,0.0,0.0
output:54461,76,0.0,0.0
output:54460,76,0.0,0.0
output:291952,76,0.0,0.0
output:216753,76,0.0,0.0
output:121037,-1,-1.0,-1.0
output:121038,-1,-1.0,-1.0
output:121040,-1,-1.0,-1.0
output:52176,-1,-1.0,-1.0
output:365761,-1,-1.0,-1.0
output:244730,-1,-1.0,-1.0
output:121142,77,0.0,-1.0
output:243085,77,0.0,0.0
output:243079,77,0.0,0.0
output:243097,77,0.0,0.0
output:243103,77,0.0,0.0
output:332098,77,0.0,0.0
output:332095,77,0.0,0.0
output:50705,77,0.0,0.0
output:50707,77,0.0,0.0
output:524644,77,0.0,0.0
output:405998,77,0.0,0.0
output:363630,77,0.0,0.0
output:566439,77,0.0,0.0
output:566446,77,0.0,0.0
output:296496,-1,-1.0,-1.0
output:641176,78,0.0,-1.0
output:120079,78,0.0,0.0
output:120081,78,0.0,0.0
output:455045,78,0.0,0.0
output:567959,78,0.0,0.0
output:292305,78,0.0,0.0
output:296504,-1,-1.0,-1.0
output:403890,-1,-1.0,-1.0
output:244718,-1,-1.0,-1.0
output:296455,-1,-1.0,-1.0
output:51720,-1,-1.0,-1.0
output:51712,79,0.0,-1.0
output:51714,79,0.0,0.0
output:51716,79,0.0,0.0
output:600710,79,0.0,0.0
output:600707,79,0.0,0.0
output:600705,79,0.0,0.0
output:600718,79,0.0,0.0
output:600721,79,0.0,0.0
output:51718,-1,-1.0,-1.0
output:51719,-1,-1.0,-1.0
output:244658,-1,-1.0,-1.0
output:51833,80,0.0,-1.0
output:51831,80,0.0,0.0
output:51830,80,0.0,0.0
output:455916,80,0.0,0.0
output:455915,80,0.0,0.0
output:291599,80,0.0,0.0
output:641219,-1,-1.0,-1.0
output:980247,81,0.0,-1.0
output:522740,81,0.0,0.0
output:522749,81,0.0,0.0
output:522759,81,0.0,0.0
output:51119,81,0.0,0.0
output:51014,81,0.0,0.0
output:51015,81,0.0,0.0
output:51012,81,0.0,0.0
output:51013,81,0.0,0.0
output:51011,81,0.0,0.0
output:119723,81,0.0,0.0
output:119722,81,0.0,0.0
output:562631,81,0.0,0.0
output:562627,81,0.0,0.0
output:21708,81,0.0,0.0
output:21715,81,0.0,0.0
output:21692,81,0.0,0.0
output:21689,81,0.0,0.0
output:22508,81,0.0,0.0
output:241325,81,0.0,0.0
output:928280,81,0.0,0.0
output:928281,81,0.0,0.0
output:998376,81,0.0,0.0
output:925720,81,0.0,0.0
output:925721,81,0.0,0.0
output:925722,81,0.0,0.0
output:978053,81,0.0,0.0
output:978043,81,0.0,0.0
output:978039,81,0.0,0.0
output:978029,81,0.0,0.0
output:598492,81,0.0,0.0
output:598502,81,0.0,0.0
output:598506,81,0.0,0.0
output:598516,81,0.0,0.0
output:598527,81,0.0,0.0
output:598522,81,0.0,0.0
output:598542,81,0.0,0.0
output:598536,81,0.0,0.0
output:598530,81,0.0,0.0
output:849248,81,0.0,0.0
output:849240,81,0.0,0.0
output:849232,81,0.0,0.0
output:849235,81,0.0,0.0
output:849221,81,0.0,0.0
output:955168,81,0.0,0.0
output:851797,81,0.0,0.0
output:851798,81,0.0,0.0
output:602442,81,0.0,0.0
output:602290,81,0.0,0.0
output:602294,81,0.0,0.0
output:602273,81,0.0,0.0
output:602278,81,0.0,0.0
output:602280,81,0.0,0.0
output:602281,81,0.0,0.0
output:602285,81,0.0,0.0
output:602263,81,0.0,0.0
output:602271,81,0.0,0.0
output:602268,81,0.0,0.0
output:48736,81,0.0,0.0
output:292406,81,0.0,0.0
output:566710,81,0.0,0.0
output:566739,81,0.0,0.0
output:566726,81,0.0,0.0
output:566721,81,0.0,0.0
output:566734,81,0.0,0.0
output:566728,81,0.0,0.0
output:935820,81,0.0,0.0
output:296555,-1,-1.0,-1.0
output:51822,-1,-1.0,-1.0
output:244648,82,0.0,-1.0
output:332057,82,0.0,0.0
output:49699,82,0.0,0.0
output:49668,82,0.0,0.0
output:49689,82,0.0,0.0
output:569109,82,0.0,0.0
output:403924,-1,-1.0,-1.0
output:565188,83,0.0,-1.0
output:565198,83,0.0,0.0
output:565182,83,0.0,0.0
output:297091,83,0.0,0.0
output:297084,83,0.0,0.0
output:120147,83,0.0,0.0
output:120151,83,0.0,0.0
output:120150,83,0.0,0.0
output:120149,83,0.0,0.0
output:120148,83,0.0,0.0
output:120155,83,0.0,0.0
output:120154,83,0.0,0.0
output:120152,83,0.0,0.0
output:23269,83,0.0,0.0
output:217813,83,0.0,0.0
output:598366,83,0.0,0.0
output:598363,83,0.0,0.0
output:598372,83,0.0,0.0
output:600362,83,0.0,0.0
output:600367,83,0.0,0.0
output:600359,83,0.0,0.0
output:600357,83,0.0,0.0
output:118342,83,0.0,9.26392735538291
output:118339,83,0.0,0.0
output:22504,83,0.0,0.0
output:456999,83,0.0,0.0
output:55103,83,0.0,0.0
output:600611,83,0.0,0.0
output:600607,83,0.0,0.0
output:125329,83,0.0,0.0
output:567285,83,0.0,0.0
output:567291,83,0.0,0.0
output:567293,83,0.0,0.0
output:525999,83,11.746686366432632,11.746686366432632
output:525997,83,11.746686366432632,11.746686366432632
output:363703,83,11.746686366432632,11.746686366432632
output:363702,83,11.746686366432632,11.746686366432632
output:296634,84,0.0,-1.0
output:523599,84,0.0,0.0
output:23909,84,0.0,0.0
output:23920,84,0.0,0.0
output:53955,84,0.0,0.0
output:124584,84,0.0,0.0
output:124585,84,0.0,0.0
output:124583,84,0.0,0.0
output:565215,85,0.0,-1.0
output:565212,85,0.0,0.0
output:565225,85,0.0,0.0
output:565232,85,0.0,0.0
output:565240,85,0.0,0.0
output:120239,85,0.0,0.0
output:120245,85,0.0,0.0
output:120246,85,0.0,0.0
output:120241,85,0.0,0.0
output:120243,85,0.0,0.0
output:457515,85,0.0,0.0
output:244581,-1,-1.0,-1.0
output:565218,86,0.0,-1.0
output:565224,86,0.0,0.0
output:565230,86,0.0,0.0
output:565239,86,0.0,0.0
output:457211,86,0.0,0.0
output:601861,86,0.0,0.0
output:601856,86,0.0,0.0
output:407996,86,0.0,10.090956622109532
output:566366,86,0.0,0.0
output:566361,86,0.0,0.0
output:566359,86,0.0,0.0
output:566355,86,0.0,0.0
output:566375,86,0.0,0.0
output:566369,86,0.0,0.0
output:566370,86,0.0,0.0
output:122926,86,16.85292272251382,16.85292272251382
output:244548,-1,-1.0,-1.0
output:51954,87,0.0,-1.0
output:51953,87,0.0,0.0
output:525271,87,0.0,0.0
output:525279,87,0.0,0.0
output:363255,87,0.0,0.0
output:166661,87,0.0,0.0
output:166644,87,0.0,0.0
output:166650,87,0.0,0.0
output:166654,87,0.0,0.0
output:124644,87,0.0,0.0
output:124645,87,0.0,0.0
output:296681,-1,-1.0,-1.0
output:565135,-1,-1.0,-1.0
output:121341,-1,-1.0,-1.0
output:565141,-1,-1.0,-1.0
output:565146,-1,-1.0,-1.0
output:121303,-1,-1.0,-1.0
output:120540,88,0.0,-1.0
output:120541,88,0.0,0.0
output:120542,88,0.0,0.0
output:120539,88,0.0,0.0
output:454381,88,0.0,0.0
output:55358,88,0.0,0.0
output:55359,88,0.0,0.0
output:55357,88,0.0,0.0
output:55361,88,0.0,0.0
output:55360,88,0.0,0.0
output:487355,88,0.0,0.0
output:362785,88,0.0,0.0
output:362784,88,0.0,0.0
output:599980,88,0.0,0.0
output:292823,88,0.0,0.0
output:292826,88,0.0,0.0
output:292804,88,0.0,0.0
output:292813,88,0.0,0.0
output:332619,-1,-1.0,-1.0
output:522260,-1,-1.0,-1.0
output:453418,-1,-1.0,-1.0
output:640841,-1,-1.0,-1.0
output:332648,89,0.0,-1.0
output:22380,89,0.0,0.0
output:526169,89,0.0,0.0
output:53934,89,0.0,0.0
output:53933,89,0.0,0.0
output:200358,89,0.0,0.0
output:200359,89,0.0,0.0
output:50679,-1,-1.0,-1.0
output:242768,-1,-1.0,-1.0
output:242777,-1,-1.0,-1.0
output:50579,-1,-1.0,-1.0
output:120462,-1,-1.0,-1.0
output:332746,-1,-1.0,-1.0
output:332766,90,0.0,-1.0
output:332764,90,0.0,0.0
output:332771,90,0.0,0.0
output:364364,90,0.0,0.0
output:485210,90,0.0,0.0
output:290774,90,0.0,0.0
output:601157,90,0.0,0.0
output:601166,90,0.0,0.0
output:601162,90,0.0,0.0
output:601171,90,0.0,0.0
output:601170,90,0.0,0.0
output:601168,90,0.0,0.0
output:118156,90,13.95230544383569,13.95230544383569
output:525951,90,13.95230544383569,13.95230544383569
output:525949,90,13.95230544383569,13.95230544383569
output:566917,90,17.949490028189466,17.949490028189466
output:566912,90,17.949490028189466,17.949490028189466
output:566923,90,17.949490028189466,17.949490028189466
output:117299,90,-1.0,19.203578880717334
output:567602,90,-1.0,19.203578880717334
output:242878,-1,-1.0,-1.0
output:640974,-1,-1.0,-1.0
output:120420,-1,-1.0,-1.0
output:120421,-1,-1.0,-1.0
output:487750,-1,-1.0,-1.0
output:50454,-1,-1.0,-1.0
output:120340,-1,-1.0,-1.0
output:332676,-1,-1.0,-1.0
output:242883,-1,-1.0,-1.0
output:487777,-1,-1.0,-1.0
output:522483,-1,-1.0,-1.0
output:120365,91,0.0,-1.0
output:242014,91,0.0,0.0
output:242028,91,0.0,0.0
output:406931,91,0.0,0.0
output:598313,91,0.0,0.0
output:598319,91,0.0,0.0
output:598309,91,0.0,0.0
output:599687,91,0.0,0.0
output:599683,91,0.0,0.0
output:599679,91,0.0,0.0
output:487582,-1,-1.0,-1.0
output:120796,-1,-1.0,-1.0
output:242967,-1,-1.0,-1.0
output:120793,-1,-1.0,-1.0
output:522498,-1,-1.0,-1.0
output:120815,-1,-1.0,-1.0
output:120806,-1,-1.0,-1.0
output:487586,-1,-1.0,-1.0
output:487645,-1,-1.0,-1.0
output:297090,-1,-1.0,-1.0
output:243039,-1,-1.0,-1.0
output:120749,-1,-1.0,-1.0
output:522611,-1,-1.0,-1.0
output:120760,-1,-1.0,-1.0
output:120757,-1,-1.0,-1.0
output:120759,-1,-1.0,-1.0
output:120657,-1,-1.0,-1.0
output:640721,-1,-1.0,-1.0
output:522683,92,0.0,-1.0
output:522671,92,0.0,0.0
output:522688,92,0.0,0.0
output:599388,92,0.0,0.0
output:599385,92,0.0,0.0
output:599392,92,0.0,0.0
output:522685,-1,-1.0,-1.0
output:297078,-1,-1.0,-1.0
output:623105,93,0.0,-1.0
output:523856,93,0.0,0.0
output:453860,93,0.0,0.0
output:167177,93,0.0,0.0
output:167167,93,0.0,0.0
output:601468,93,0.0,0.0
output:216642,93,0.0,0.0
output:332518,-1,-1.0,-1.0
output:332515,-1,-1.0,-1.0
output:50178,94,0.0,-1.0
output:50193,94,0.0,0.0
output:454826,94,0.0,0.0
output:454827,94,0.0,0.0
output:454824,94,0.0,0.0
output:454825,94,0.0,0.0
output:486831,94,0.0,0.0
output:364173,94,0.0,0.0
output:166590,94,0.0,0.0
output:292917,94,0.0,0.0
output:292932,94,0.0,0.0
output:167991,94,4.078503047529325,4.078503047529325
output:50012,94,-1.0,19.5488484175405
output:453313,-1,-1.0,-1.0
output:243167,-1,-1.0,-1.0
output:522703,-1,-1.0,-1.0
output:50210,-1,-1.0,-1.0
output:522738,95,0.0,-1.0
output:522734,95,0.0,0.0
output:240736,95,0.0,0.0
output:240716,95,0.0,0.0
output:240726,95,0.0,0.0
output:241455,95,0.0,0.0
output:117243,95,0.0,0.0
output:54496,95,0.0,0.0
output:484128,95,0.0,0.0
output:565547,95,0.0,0.0
output:243175,-1,-1.0,-1.0
output:50218,-1,-1.0,-1.0
output:297008,-1,-1.0,-1.0
output:120623,-1,-1.0,-1.0
output:243196,-1,-1.0,-1.0
output:120624,-1,-1.0,-1.0
output:243198,-1,-1.0,-1.0
output:50227,-1,-1.0,-1.0
output:243188,-1,-1.0,-1.0
output:243184,-1,-1.0,-1.0
output:50233,-1,-1.0,-1.0
output:51184,-1,-1.0,-1.0
output:51183,-1,-1.0,-1.0
output:852219,96,0.0,-1.0
output:852217,96,0.0,0.0
output:959362,96,0.0,0.0
output:698140,96,0.0,0.0
output:698133,96,0.0,0.0
output:997255,96,0.0,0.0
output:23140,96,0.0,0.0
output:218107,96,0.0,0.0
output:882394,96,0.0,0.0
output:243202,-1,-1.0,-1.0
output:51128,-1,-1.0,-1.0
output:522863,-1,-1.0,-1.0
output:51127,-1,-1.0,-1.0
output:119983,-1,-1.0,-1.0
output:640292,97,0.0,-1.0
output:640291,97,0.0,0.0
output:599464,97,0.0,0.0
output:599468,97,0.0,0.0
output:599484,97,0.0,0.0
output:599473,97,0.0,0.0
output:599479,97,0.0,0.0
output:568820,97,0.0,0.0
output:124452,97,0.0,0.0
output:119957,-1,-1.0,-1.0
output:522847,-1,-1.0,-1.0
output:623090,-1,-1.0,-1.0
output:622868,-1,-1.0,-1.0
output:119912,-1,-1.0,-1.0
output:332238,-1,-1.0,-1.0
output:119876,98,0.0,-1.0
output:119862,98,0.0,0.0
output:119869,98,0.0,0.0
output:119867,98,0.0,0.0
output:118136,98,0.0,0.0
output:117165,98,0.0,0.0
output:522898,-1,-1.0,-1.0
output:119878,-1,-1.0,-1.0
output:453101,99,0.0,-1.0
output:453102,99,0.0,0.0
output:119190,99,0.0,0.0
output:119191,99,0.0,0.0
output:49908,99,0.0,0.0
output:49909,99,0.0,0.0
output:22391,99,0.0,0.0
output:526196,99,0.0,0.0
output:485326,99,0.0,0.0
output:51005,-1,-1.0,-1.0
output:51006,-1,-1.0,-1.0
output:50986,-1,-1.0,-1.0
output:119837,-1,-1.0,-1.0
output:119836,-1,-1.0,-1.0
output:50950,100,14.694036072708618,-1.0
output:50951,100,14.694036072708618,14.694036072708618
output:50954,100,14.694036072708618,14.694036072708618
output:50952,100,14.694036072708618,14.694036072708618
output:50953,100,14.694036072708618,14.694036072708618
output:56488,100,14.694036072708618,14.694036072708618
output:243492,-1,-1.0,-1.0
output:523057,-1,-1.0,-1.0
output:622733,-1,-1.0,-1.0
output:622735,-1,-1.0,-1.0
output:120305,101,0.0,-1.0
output:120307,101,0.0,0.0
output:120308,101,0.0,0.0
output:599702,101,0.0,0.0
output:599699,101,0.0,0.0
output:599697,101,0.0,0.0
output:599692,101,0.0,0.0
output:567994,101,0.0,0.0
output:567982,101,0.0,0.0
output:567973,101,0.0,0.0
output:567965,101,0.0,0.0
output:246277,101,0.0,0.0
output:120266,-1,-1.0,-1.0
output:120265,-1,-1.0,-1.0
output:243469,-1,-1.0,-1.0
output:243464,-1,-1.0,-1.0
output:50896,-1,-1.0,-1.0
output:331813,-1,-1.0,-1.0
output:331800,-1,-1.0,-1.0
output:120217,-1,-1.0,-1.0
output:243627,-1,-1.0,-1.0
output:50806,102,0.0,-1.0
output:50812,102,0.0,0.0
output:50810,102,0.0,0.0
output:50809,102,0.0,0.0
output:119516,102,0.0,0.0
output:119517,102,0.0,0.0
output:294607,102,0.0,0.0
output:332013,-1,-1.0,-1.0
output:243638,-1,-1.0,-1.0
output:120134,-1,-1.0,-1.0
output:120135,-1,-1.0,-1.0
output:331985,-1,-1.0,-1.0
output:243589,-1,-1.0,-1.0
output:243586,-1,-1.0,-1.0
output:452852,-1,-1.0,-1.0
output:297523,-1,-1.0,-1.0
output:243681,-1,-1.0,-1.0
output:452820,-1,-1.0,-1.0
output:243650,-1,-1.0,-1.0
output:243664,-1,-1.0,-1.0
output:49539,-1,-1.0,-1.0
output:333587,-1,-1.0,-1.0
output:333609,103,14.658723994043054,-1.0
output:333610,103,14.658723994043054,14.658723994043054
output:333614,103,14.658723994043054,14.658723994043054
output:565831,103,14.658723994043054,14.658723994043054
output:565832,103,14.658723994043054,14.658723994043054
output:168198,103,14.658723994043054,14.658723994043054
output:523365,-1,-1.0,-1.0
output:119485,-1,-1.0,-1.0
output:731179,-1,-1.0,-1.0
output:523268,-1,-1.0,-1.0
output:523275,-1,-1.0,-1.0
output:333634,-1,-1.0,-1.0
output:241869,-1,-1.0,-1.0
output:241871,-1,-1.0,-1.0
output:119345,-1,-1.0,-1.0
output:454555,-1,-1.0,-1.0
output:333789,-1,-1.0,-1.0
output:762125,104,0.0,-1.0
output:117095,104,0.0,0.0
output:958714,104,0.0,0.0
output:23497,104,0.0,0.0
output:23491,104,0.0,0.0
output:23505,104,0.0,0.0
output:851142,104,0.0,0.0
output:882589,104,0.0,0.0
output:245832,104,0.0,0.0
output:49512,-1,-1.0,-1.0
output:454584,-1,-1.0,-1.0
output:49504,-1,-1.0,-1.0
output:523604,-1,-1.0,-1.0
output:119680,-1,-1.0,-1.0
output:119684,-1,-1.0,-1.0
output:523614,-1,-1.0,-1.0
output:523613,105,0.0,-1.0
output:241061,105,0.0,0.0
output:241043,105,0.0,0.0
output:568382,105,0.0,0.0
output:292380,105,0.0,0.0
output:292371,105,0.0,0.0
output:242006,106,0.0,-1.0
output:119583,106,0.0,0.0
output:119582,106,0.0,0.0
output:119581,106,0.0,0.0
output:56554,106,0.0,0.0
output:56553,106,0.0,0.0
output:695635,106,0.0,0.0
output:851401,106,0.0,0.0
output:602602,106,0.0,0.0
output:602603,106,0.0,0.0
output:333317,-1,-1.0,-1.0
output:523631,-1,-1.0,-1.0
output:731459,-1,-1.0,-1.0
output:119742,-1,-1.0,-1.0
output:523627,-1,-1.0,-1.0
output:119746,-1,-1.0,-1.0
output:119744,-1,-1.0,-1.0
output:119755,-1,-1.0,-1.0
output:119754,-1,-1.0,-1.0
output:119781,-1,-1.0,-1.0
output:119782,-1,-1.0,-1.0
output:523579,-1,-1.0,-1.0
output:119790,-1,-1.0,-1.0
output:119792,-1,-1.0,-1.0
output:119601,-1,-1.0,-1.0
output:49204,-1,-1.0,-1.0
output:119624,-1,-1.0,-1.0
output:333533,-1,-1.0,-1.0
output:119623,-1,-1.0,-1.0
output:333518,107,0.0,-1.0
output:117366,107,0.0,0.0
output:117004,107,0.0,0.0
output:117003,107,0.0,0.0
output:54404,107,0.0,0.0
output:54401,107,0.0,0.0
output:54402,107,0.0,0.0
output:54403,107,0.0,0.0
output:54390,107,0.0,0.0
output:54391,107,0.0,0.0
output:54394,107,0.0,0.0
output:54395,107,0.0,0.0
output:54392,107,0.0,0.0
output:54393,107,0.0,0.0
output:54398,107,0.0,0.0
output:54399,107,0.0,0.0
output:54396,107,0.0,0.0
output:54397,107,0.0,0.0
output:119656,-1,-1.0,-1.0
output:119657,-1,-1.0,-1.0
output:333564,-1,-1.0,-1.0
output:119654,-1,-1.0,-1.0
output:119655,-1,-1.0,-1.0
output:119675,-1,-1.0,-1.0
output:119674,-1,-1.0,-1.0
output:453956,-1,-1.0,-1.0
output:50061,-1,-1.0,-1.0
output:562823,-1,-1.0,-1.0
output:453930,-1,-1.0,-1.0
output:562832,-1,-1.0,-1.0
output:119003,-1,-1.0,-1.0
output:119004,-1,-1.0,-1.0
output:242192,108,0.0,-1.0
output:333144,108,0.0,0.0
output:241529,108,0.0,0.0
output:331496,108,0.0,0.0
output:55717,108,0.0,0.0
output:55719,108,0.0,0.0
output:55724,108,0.0,0.0
output:55725,108,0.0,0.0
output:55726,108,0.0,0.0
output:55720,108,0.0,0.0
output:55721,108,0.0,0.0
output:55722,108,0.0,0.0
output:55723,108,0.0,0.0
output:55729,108,0.0,0.0
output:55728,108,0.0,0.0
output:601969,108,0.0,0.0
output:601973,108,0.0,0.0
output:601953,108,0.0,0.0
output:601958,108,0.0,0.0
output:601957,108,0.0,0.0
output:601965,108,0.0,0.0
output:601950,108,0.0,0.0
output:569076,108,0.0,0.0
output:569079,108,0.0,0.0
output:569060,108,0.0,0.0
output:569064,108,0.0,0.0
output:569065,108,0.0,0.0
output:569068,108,0.0,0.0
output:569071,108,0.0,0.0
output:292551,108,0.0,0.0
output:292562,108,0.0,0.0
output:292574,108,0.0,0.0
output:292587,108,0.0,0.0
output:292594,108,0.0,0.0
output:292502,108,0.0,0.0
output:292500,108,0.0,0.0
output:292507,108,0.0,0.0
output:292519,108,0.0,0.0
output:292514,108,0.0,0.0
output:292529,108,0.0,0.0
output:292542,108,0.0,0.0
output:292539,108,0.0,0.0
output:292538,108,0.0,0.0
output:123333,108,0.0,0.0
output:123334,108,0.0,0.0
output:123335,108,0.0,0.0
output:123336,108,0.0,0.0
output:123337,108,0.0,0.0
output:123338,108,0.0,0.0
output:125703,108,9.08526345530108,9.08526345530108
output:762810,-1,-1.0,-1.0
output:49960,-1,-1.0,-1.0
output:49963,-1,-1.0,-1.0
output:49967,-1,-1.0,-1.0
output:454082,-1,-1.0,-1.0
output:762735,-1,-1.0,-1.0
output:118798,-1,-1.0,-1.0
output:242374,-1,-1.0,-1.0
output:242377,109,0.0,-1.0
output:242353,109,0.0,0.0
output:242364,109,0.0,0.0
output:242338,109,0.0,0.0
output:241119,109,0.0,0.0
output:241107,109,0.0,0.0
output:241096,109,0.0,0.0
output:116847,109,0.0,0.0
output:293656,109,0.0,0.0
output:293668,109,0.0,0.0
output:293675,109,0.0,0.0
output:293683,109,0.0,0.0
output:293695,109,0.0,0.0
output:293700,109,0.0,0.0
output:293715,109,0.0,0.0
output:293724,109,0.0,0.0
output:293729,109,0.0,0.0
output:293732,109,0.0,0.0
output:293750,109,0.0,0.0
output:242363,-1,-1.0,-1.0
output:333295,110,0.0,-1.0
output:486822,110,0.0,0.0
output:486829,110,0.0,0.0
output:486807,110,0.0,0.0
output:362752,110,0.0,0.0
output:602568,110,0.0,0.0
output:602571,110,0.0,0.0
output:294492,110,0.0,0.0
output:294520,110,0.0,0.0
output:294522,110,0.0,0.0
output:294515,110,0.0,0.0
output:294507,110,0.0,0.0
output:294503,110,0.0,0.0
output:50031,-1,-1.0,-1.0
output:118882,111,0.0,-1.0
output:22318,111,0.0,0.0
output:601129,111,0.0,0.0
output:601131,111,0.0,0.0
output:601135,111,0.0,0.0
output:601139,111,0.0,0.0
output:601140,111,0.0,0.0
output:565404,111,0.0,0.0
output:565417,111,0.0,0.0
output:565422,111,0.0,0.0
output:565410,111,0.0,0.0
output:565413,111,0.0,0.0
output:50017,-1,-1.0,-1.0
output:50004,-1,-1.0,-1.0
output:242328,-1,-1.0,-1.0
output:332842,-1,-1.0,-1.0
output:49847,-1,-1.0,-1.0
output:332813,-1,-1.0,-1.0
output:332811,-1,-1.0,-1.0
output:524107,-1,-1.0,-1.0
output:453706,-1,-1.0,-1.0
output:242517,-1,-1.0,-1.0
output:563101,-1,-1.0,-1.0
output:524068,-1,-1.0,-1.0
output:119236,-1,-1.0,-1.0
output:332988,-1,-1.0,-1.0
output:119072,112,0.0,-1.0
output:119073,112,0.0,0.0
output:119074,112,0.0,0.0
output:119071,112,0.0,0.0
output:119070,112,0.0,0.0
output:119069,112,0.0,0.0
output:119068,112,0.0,0.0
output:600444,112,0.0,0.0
output:600443,112,0.0,0.0
output:600439,112,0.0,0.0
output:600431,112,0.0,0.0
output:600426,112,0.0,0.0
output:600419,112,0.0,0.0
output:566552,112,0.0,0.0
output:566555,112,0.0,0.0
output:566559,112,0.0,0.0
output:566547,112,0.0,0.0
output:566539,112,0.0,0.0
output:566535,112,0.0,0.0
output:242632,113,0.0,-1.0
output:54834,113,0.0,0.0
output:54835,113,0.0,0.0
output:54832,113,0.0,0.0
output:484597,113,0.0,0.0
output:484587,113,0.0,0.0
output:621846,113,0.0,0.0
output:524211,-1,-1.0,-1.0
output:242612,-1,-1.0,-1.0
output:524202,-1,-1.0,-1.0
output:333035,-1,-1.0,-1.0
output:333034,-1,-1.0,-1.0
output:118648,-1,-1.0,-1.0
output:22012,114,0.0,-1.0
output:486334,114,0.0,0.0
output:601562,114,0.0,0.0
output:601557,114,0.0,0.0
output:601549,114,0.0,0.0
output:601548,114,0.0,0.0
output:118651,-1,-1.0,-1.0
output:21985,-1,-1.0,-1.0
output:998725,-1,-1.0,-1.0
output:118635,-1,-1.0,-1.0
output:21968,-1,-1.0,-1.0
output:56406,-1,-1.0,-1.0
output:455305,-1,-1.0,-1.0
output:455307,-1,-1.0,-1.0
output:524467,-1,-1.0,-1.0
output:118598,-1,-1.0,-1.0
output:241143,-1,-1.0,-1.0
output:524542,-1,-1.0,-1.0
output:524536,-1,-1.0,-1.0
output:455229,-1,-1.0,-1.0
output:240922,-1,-1.0,-1.0
output:455174,-1,-1.0,-1.0
output:524349,-1,-1.0,-1.0
output:455272,-1,-1.0,-1.0
output:455265,-1,-1.0,-1.0
output:118385,-1,-1.0,-1.0
output:118399,115,0.0,-1.0
output:118395,115,0.0,0.0
output:118402,115,0.0,0.0
output:407438,115,0.0,0.0
output:407439,115,0.0,0.0
output:217012,115,0.0,0.0
output:216997,115,0.0,0.0
output:217007,115,0.0,0.0
output:217004,115,0.0,0.0
output:56613,-1,-1.0,-1.0
output:998423,116,0.0,-1.0
output:998425,116,0.0,0.0
output:485865,116,0.0,0.0
output:696920,116,0.0,0.0
output:696924,116,0.0,0.0
output:696934,116,0.0,0.0
output:696939,116,0.0,0.0
output:696945,116,0.0,0.0
output:200392,116,0.0,0.0
output:200393,116,0.0,0.0
output:118321,-1,-1.0,-1.0
output:118327,-1,-1.0,-1.0
output:118510,-1,-1.0,-1.0
output:56829,-1,-1.0,-1.0
output:21619,-1,-1.0,-1.0
output:21616,-1,-1.0,-1.0
output:524548,-1,-1.0,-1.0
output:524600,117,0.0,-1.0
output:524606,117,0.0,0.0
output:524631,117,0.0,0.0
output:524628,117,0.0,0.0
output:524623,117,0.0,0.0
output:524614,117,0.0,0.0
output:53808,117,0.0,0.0
output:601205,117,0.0,0.0
output:601200,117,0.0,0.0
output:601212,117,0.0,0.0
output:601209,117,0.0,0.0
output:292297,117,0.0,0.0
output:455448,-1,-1.0,-1.0
output:56780,-1,-1.0,-1.0
output:21546,-1,-1.0,-1.0
output:485877,118,0.0,-1.0
output:789774,118,0.0,0.0
output:23401,118,0.0,0.0
output:23409,118,0.0,0.0
output:165678,118,0.0,0.0
output:165675,118,0.0,0.0
output:56763,-1,-1.0,-1.0
output:118451,-1,-1.0,-1.0
output:118449,-1,-1.0,-1.0
output:241543,-1,-1.0,-1.0
output:118143,-1,-1.0,-1.0
output:524958,-1,-1.0,-1.0
output:525030,-1,-1.0,-1.0
output:525033,-1,-1.0,-1.0
output:525041,-1,-1.0,-1.0
output:454876,-1,-1.0,-1.0
output:241646,-1,-1.0,-1.0
output:241633,-1,-1.0,-1.0
output:524845,-1,-1.0,-1.0
output:486040,-1,-1.0,-1.0
output:118267,-1,-1.0,-1.0
output:454716,-1,-1.0,-1.0
output:22296,-1,-1.0,-1.0
output:241496,-1,-1.0,-1.0
output:486111,-1,-1.0,-1.0
output:118146,-1,-1.0,-1.0
output:241510,-1,-1.0,-1.0
output:56996,-1,-1.0,-1.0
output:57157,-1,-1.0,-1.0
output:486180,-1,-1.0,-1.0
output:525189,-1,-1.0,-1.0
output:22259,-1,-1.0,-1.0
output:117760,-1,-1.0,-1.0
output:117762,-1,-1.0,-1.0
output:117770,-1,-1.0,-1.0
output:22169,-1,-1.0,-1.0
output:22171,-1,-1.0,-1.0
output:486271,-1,-1.0,-1.0
output:525116,-1,-1.0,-1.0
output:117961,-1,-1.0,-1.0
output:525112,-1,-1.0,-1.0
output:117953,-1,-1.0,-1.0
output:22086,-1,-1.0,-1.0
output:486282,-1,-1.0,-1.0
output:241206,119,0.0,-1.0
output:241200,119,0.0,0.0
output:241219,119,0.0,0.0
output:167871,119,0.0,0.0
output:167869,119,0.0,0.0
output:292417,119,0.0,0.0
output:292411,119,0.0,0.0
output:22135,-1,-1.0,-1.0
output:241213,-1,-1.0,-1.0
output:241209,-1,-1.0,-1.0
output:241216,-1,-1.0,-1.0
output:486357,-1,-1.0,-1.0
output:486345,-1,-1.0,-1.0
output:486351,-1,-1.0,-1.0
output:117947,-1,-1.0,-1.0
output:486510,-1,-1.0,-1.0
output:486497,-1,-1.0,-1.0
output:362292,-1,-1.0,-1.0
output:456409,-1,-1.0,-1.0
output:486446,-1,-1.0,-1.0
output:55409,-1,-1.0,-1.0
output:456380,-1,-1.0,-1.0
output:525482,-1,-1.0,-1.0
output:456289,-1,-1.0,-1.0
output:525415,-1,-1.0,-1.0
output:486620,-1,-1.0,-1.0
output:117749,-1,-1.0,-1.0
output:456242,-1,-1.0,-1.0
output:456250,-1,-1.0,-1.0
output:486533,-1,-1.0,-1.0
output:117714,-1,-1.0,-1.0
output:456695,-1,-1.0,-1.0
output:331680,-1,-1.0,-1.0
output:456676,-1,-1.0,-1.0
output:456678,-1,-1.0,-1.0
output:117260,-1,-1.0,-1.0
output:525810,-1,-1.0,-1.0
output:525804,-1,-1.0,-1.0
output:525801,-1,-1.0,-1.0
output:525723,-1,-1.0,-1.0
output:456635,-1,-1.0,-1.0
output:331774,-1,-1.0,-1.0
output:55625,-1,-1.0,-1.0
output:117319,-1,-1.0,-1.0
output:55640,-1,-1.0,-1.0
output:55636,-1,-1.0,-1.0
output:456571,-1,-1.0,-1.0
output:456572,-1,-1.0,-1.0
output:525681,-1,-1.0,-1.0
output:55708,-1,-1.0,-1.0
output:55705,-1,-1.0,-1.0
output:362238,-1,-1.0,-1.0
output:362237,-1,-1.0,-1.0
output:525585,-1,-1.0,-1.0
output:55782,-1,-1.0,-1.0
output:55783,-1,-1.0,-1.0
output:55786,-1,-1.0,-1.0
output:525581,-1,-1.0,-1.0
output:456473,-1,-1.0,-1.0
output:525602,-1,-1.0,-1.0
output:456463,-1,-1.0,-1.0
output:55771,-1,-1.0,-1.0
output:455900,-1,-1.0,-1.0
output:455899,-1,-1.0,-1.0
output:526027,-1,-1.0,-1.0
output:526031,-1,-1.0,-1.0
output:55892,-1,-1.0,-1.0
output:408040,-1,-1.0,-1.0
output:55933,-1,-1.0,-1.0
output:455862,-1,-1.0,-1.0
output:455745,-1,-1.0,-1.0
output:455744,-1,-1.0,-1.0
output:455746,-1,-1.0,-1.0
output:240463,-1,-1.0,-1.0
output:998310,-1,-1.0,-1.0
output:117135,-1,-1.0,-1.0
output:407855,-1,-1.0,-1.0
output:407856,-1,-1.0,-1.0
output:407857,-1,-1.0,-1.0
output:55975,-1,-1.0,-1.0
output:455682,-1,-1.0,-1.0
output:487061,-1,-1.0,-1.0
output:998357,-1,-1.0,-1.0
output:56062,-1,-1.0,-1.0
output:56057,120,0.0,-1.0
output:56046,120,0.0,0.0
output:567905,120,0.0,0.0
output:567909,120,0.0,0.0
output:567910,120,0.0,0.0
output:567918,120,0.0,0.0
output:455734,-1,-1.0,-1.0
output:455732,-1,-1.0,-1.0
output:455737,-1,-1.0,-1.0
output:487259,-1,-1.0,-1.0
output:487254,-1,-1.0,-1.0
output:526277,-1,-1.0,-1.0
output:116845,-1,-1.0,-1.0
output:407606,-1,-1.0,-1.0
output:116901,-1,-1.0,-1.0
output:456061,-1,-1.0,-1.0
output:526154,-1,-1.0,-1.0
output:456044,-1,-1.0,-1.0
output:455955,-1,-1.0,-1.0
output:487314,-1,-1.0,-1.0
output:928232,-1,-1.0,-1.0
output:56276,-1,-1.0,-1.0
output:361725,-1,-1.0,-1.0
output:526087,-1,-1.0,-1.0
output:56310,-1,-1.0,-1.0
output:56307,-1,-1.0,-1.0
output:407414,-1,-1.0,-1.0
output:23907,-1,-1.0,-1.0
output:363491,-1,-1.0,-1.0
output:54512,-1,-1.0,-1.0
output:116720,-1,-1.0,-1.0
output:526386,-1,-1.0,-1.0
output:996836,-1,-1.0,-1.0
output:116671,-1,-1.0,-1.0
output:526442,-1,-1.0,-1.0
output:54375,-1,-1.0,-1.0
output:54345,-1,-1.0,-1.0
output:363334,-1,-1.0,-1.0
output:996609,-1,-1.0,-1.0
output:54314,-1,-1.0,-1.0
output:23987,121,0.0,-1.0
output:167761,121,0.0,0.0
output:293325,121,0.0,0.0
output:293330,121,0.0,0.0
output:124675,121,0.0,0.0
output:124674,121,0.0,0.0
output:124676,121,0.0,0.0
output:566435,121,0.0,0.0
output:566437,121,0.0,0.0
output:566441,121,0.0,0.0
output:566443,121,0.0,0.0
output:457413,-1,-1.0,-1.0
output:54769,-1,-1.0,-1.0
output:407139,-1,-1.0,-1.0
output:54773,-1,-1.0,-1.0
output:54772,-1,-1.0,-1.0
output:54775,-1,-1.0,-1.0
output:54774,-1,-1.0,-1.0
output:407128,-1,-1.0,-1.0
output:23595,-1,-1.0,-1.0
output:407100,-1,-1.0,-1.0
output:23585,-1,-1.0,-1.0
output:23580,-1,-1.0,-1.0
output:23572,-1,-1.0,-1.0
output:23801,-1,-1.0,-1.0
output:407275,-1,-1.0,-1.0
output:54624,-1,-1.0,-1.0
output:54626,-1,-1.0,-1.0
output:54631,-1,-1.0,-1.0
output:54611,122,0.0,-1.0
output:600849,122,0.0,0.0
output:600846,122,0.0,0.0
output:600841,122,0.0,0.0
output:600843,122,0.0,0.0
output:568925,122,0.0,0.0
output:23763,-1,-1.0,-1.0
output:407245,-1,-1.0,-1.0
output:54596,-1,-1.0,-1.0
output:697904,-1,-1.0,-1.0
output:23731,-1,-1.0,-1.0
output:363057,-1,-1.0,-1.0
output:23722,-1,-1.0,-1.0
output:23702,-1,-1.0,-1.0
output:23698,-1,-1.0,-1.0
output:54552,-1,-1.0,-1.0
output:407191,123,0.0,-1.0
output:407193,123,0.0,0.0
output:407192,123,0.0,0.0
output:407194,123,0.0,0.0
output:294429,123,0.0,0.0
output:294415,123,0.0,0.0
output:294433,123,0.0,0.0
output:457695,-1,-1.0,-1.0
output:54977,-1,-1.0,-1.0
output:55001,-1,-1.0,-1.0
output:54999,-1,-1.0,-1.0
output:55018,-1,-1.0,-1.0
output:406896,-1,-1.0,-1.0
output:406902,-1,-1.0,-1.0
output:456741,-1,-1.0,-1.0
output:456791,-1,-1.0,-1.0
output:484047,-1,-1.0,-1.0
output:484092,-1,-1.0,-1.0
output:54866,-1,-1.0,-1.0
output:362859,124,0.0,-1.0
output:362860,124,0.0,0.0
output:53396,124,0.0,0.0
output:53395,124,0.0,0.0
output:405922,124,0.0,0.0
output:167988,124,0.0,0.0
output:123178,124,0.0,0.0
output:123175,124,0.0,0.0
output:123172,124,0.0,0.0
output:123171,124,0.0,0.0
output:456868,-1,-1.0,-1.0
output:997177,-1,-1.0,-1.0
output:456944,-1,-1.0,-1.0
output:483961,-1,-1.0,-1.0
output:697676,-1,-1.0,-1.0
output:55276,-1,-1.0,-1.0
output:457018,-1,-1.0,-1.0
output:55275,-1,-1.0,-1.0
output:55192,-1,-1.0,-1.0
output:362641,-1,-1.0,-1.0
output:362640,-1,-1.0,-1.0
output:457059,-1,-1.0,-1.0
output:457086,-1,-1.0,-1.0
output:457115,-1,-1.0,-1.0
output:457120,-1,-1.0,-1.0
output:457122,-1,-1.0,-1.0
output:55057,-1,-1.0,-1.0
output:55062,-1,-1.0,-1.0
output:55060,-1,-1.0,-1.0
output:55069,-1,-1.0,-1.0
output:362524,-1,-1.0,-1.0
output:597844,-1,-1.0,-1.0
output:484604,-1,-1.0,-1.0
output:697320,-1,-1.0,-1.0
output:406389,-1,-1.0,-1.0
output:484537,-1,-1.0,-1.0
output:406345,-1,-1.0,-1.0
output:364345,-1,-1.0,-1.0
output:22950,125,0.0,-1.0
output:22936,125,0.0,0.0
output:292821,125,0.0,0.0
output:292834,125,0.0,0.0
output:292838,125,0.0,0.0
output:200000,125,0.0,0.0
output:53282,-1,-1.0,-1.0
output:53280,-1,-1.0,-1.0
output:364333,-1,-1.0,-1.0
output:53253,-1,-1.0,-1.0
output:53252,-1,-1.0,-1.0
output:53277,-1,-1.0,-1.0
output:406408,-1,-1.0,-1.0
output:364295,-1,-1.0,-1.0
output:406407,-1,-1.0,-1.0
output:484377,-1,-1.0,-1.0
output:484383,-1,-1.0,-1.0
output:22571,-1,-1.0,-1.0
output:53753,-1,-1.0,-1.0
output:484741,-1,-1.0,-1.0
output:22698,-1,-1.0,-1.0
output:53530,-1,-1.0,-1.0
output:53625,-1,-1.0,-1.0
output:53627,-1,-1.0,-1.0
output:406268,-1,-1.0,-1.0
output:53613,-1,-1.0,-1.0
output:22730,-1,-1.0,-1.0
output:363913,-1,-1.0,-1.0
output:53936,-1,-1.0,-1.0
output:485099,-1,-1.0,-1.0
output:23365,-1,-1.0,-1.0
output:457747,-1,-1.0,-1.0
output:53991,-1,-1.0,-1.0
output:53988,-1,-1.0,-1.0
output:53989,-1,-1.0,-1.0
output:23411,-1,-1.0,-1.0
output:23516,-1,-1.0,-1.0
output:484875,126,0.0,-1.0
output:484870,126,0.0,0.0
output:567858,126,0.0,0.0
output:567844,126,0.0,0.0
output:567849,126,0.0,0.0
output:567839,126,0.0,0.0
output:567832,126,0.0,0.0
output:294601,126,0.0,0.0
output:405953,-1,-1.0,-1.0
output:53840,-1,-1.0,-1.0
output:457913,-1,-1.0,-1.0
output:23525,-1,-1.0,-1.0
output:363903,-1,-1.0,-1.0
output:23100,-1,-1.0,-1.0
output:363709,-1,-1.0,-1.0
output:54183,-1,-1.0,-1.0
output:485251,-1,-1.0,-1.0
output:54212,-1,-1.0,-1.0
output:54213,-1,-1.0,-1.0
output:54211,-1,-1.0,-1.0
output:363749,-1,-1.0,-1.0
output:23147,-1,-1.0,-1.0
output:23195,-1,-1.0,-1.0
output:23185,-1,-1.0,-1.0
output:405649,-1,-1.0,-1.0
output:485221,-1,-1.0,-1.0
output:363560,-1,-1.0,-1.0
output:485234,-1,-1.0,-1.0
output:363576,-1,-1.0,-1.0
output:54054,-1,-1.0,-1.0
output:54111,-1,-1.0,-1.0
output:23251,-1,-1.0,-1.0
output:485181,-1,-1.0,-1.0
output:54118,-1,-1.0,-1.0
output:167420,-1,-1.0,-1.0
output:167416,-1,-1.0,-1.0
output:167386,-1,-1.0,-1.0
output:218094,-1,-1.0,-1.0
output:218097,-1,-1.0,-1.0
output:167325,-1,-1.0,-1.0
output:217888,-1,-1.0,-1.0
output:217868,-1,-1.0,-1.0
output:217980,-1,-1.0,-1.0
output:167172,-1,-1.0,-1.0
output:167175,-1,-1.0,-1.0
output:598487,-1,-1.0,-1.0
output:598482,-1,-1.0,-1.0
output:167143,-1,-1.0,-1.0
output:598495,-1,-1.0,-1.0
output:598407,-1,-1.0,-1.0
output:217826,-1,-1.0,-1.0
output:598349,-1,-1.0,-1.0
output:217654,-1,-1.0,-1.0
output:167020,-1,-1.0,-1.0
output:217647,-1,-1.0,-1.0
output:217619,-1,-1.0,-1.0
output:166965,-1,-1.0,-1.0
output:598308,-1,-1.0,-1.0
output:217495,-1,-1.0,-1.0
output:598694,-1,-1.0,-1.0
output:598688,-1,-1.0,-1.0
output:598691,-1,-1.0,-1.0
output:598697,-1,-1.0,-1.0
output:598696,-1,-1.0,-1.0
output:598698,-1,-1.0,-1.0
output:598665,-1,-1.0,-1.0
output:598634,-1,-1.0,-1.0
output:167643,-1,-1.0,-1.0
output:167640,-1,-1.0,-1.0
output:167641,-1,-1.0,-1.0
output:167638,-1,-1.0,-1.0
output:599034,-1,-1.0,-1.0
output:167662,-1,-1.0,-1.0
output:167598,-1,-1.0,-1.0
output:598853,-1,-1.0,-1.0
output:167431,-1,-1.0,-1.0
output:599189,-1,-1.0,-1.0
output:166276,-1,-1.0,-1.0
output:166223,-1,-1.0,-1.0
output:166227,-1,-1.0,-1.0
output:599444,-1,-1.0,-1.0
output:599467,-1,-1.0,-1.0
output:599518,127,0.0,-1.0
output:599531,127,0.0,0.0
output:599526,127,0.0,0.0
output:599523,127,0.0,0.0
output:599539,127,0.0,0.0
output:599536,127,0.0,0.0
output:166125,-1,-1.0,-1.0
output:599545,-1,-1.0,-1.0
output:599541,-1,-1.0,-1.0
output:599300,-1,-1.0,-1.0
output:165914,-1,-1.0,-1.0
output:599723,-1,-1.0,-1.0
output:599715,-1,-1.0,-1.0
output:166886,-1,-1.0,-1.0
output:955035,-1,-1.0,-1.0
output:955027,-1,-1.0,-1.0
output:599591,-1,-1.0,-1.0
output:166686,-1,-1.0,-1.0
output:599640,-1,-1.0,-1.0
output:599997,-1,-1.0,-1.0
output:166576,-1,-1.0,-1.0
output:166572,-1,-1.0,-1.0
output:600057,-1,-1.0,-1.0
output:600062,-1,-1.0,-1.0
output:600053,-1,-1.0,-1.0
output:599870,-1,-1.0,-1.0
output:218182,-1,-1.0,-1.0
output:599816,-1,-1.0,-1.0
output:599873,-1,-1.0,-1.0
output:600143,-1,-1.0,-1.0
output:600138,-1,-1.0,-1.0
output:600149,-1,-1.0,-1.0
output:600145,-1,-1.0,-1.0
output:600164,-1,-1.0,-1.0
output:600351,-1,-1.0,-1.0
output:600535,-1,-1.0,-1.0
output:600543,-1,-1.0,-1.0
output:600565,-1,-1.0,-1.0
output:600549,-1,-1.0,-1.0
output:600503,-1,-1.0,-1.0
output:851748,-1,-1.0,-1.0
output:851749,-1,-1.0,-1.0
output:851746,-1,-1.0,-1.0
output:851747,-1,-1.0,-1.0
output:851745,-1,-1.0,-1.0
output:600807,-1,-1.0,-1.0
output:600809,-1,-1.0,-1.0
output:600810,-1,-1.0,-1.0
output:600813,-1,-1.0,-1.0
output:600829,-1,-1.0,-1.0
output:569345,-1,-1.0,-1.0
output:569350,-1,-1.0,-1.0
output:569355,-1,-1.0,-1.0
output:569358,-1,-1.0,-1.0
output:569360,-1,-1.0,-1.0
output:600956,-1,-1.0,-1.0
output:601041,-1,-1.0,-1.0
output:165509,-1,-1.0,-1.0
output:165543,-1,-1.0,-1.0
output:600973,-1,-1.0,-1.0
output:600970,-1,-1.0,-1.0
output:601133,-1,-1.0,-1.0
output:601234,-1,-1.0,-1.0
output:601232,-1,-1.0,-1.0
output:601268,-1,-1.0,-1.0
output:850888,-1,-1.0,-1.0
output:850893,-1,-1.0,-1.0
output:601408,-1,-1.0,-1.0
output:850897,-1,-1.0,-1.0
output:601497,-1,-1.0,-1.0
output:601502,-1,-1.0,-1.0
output:601530,-1,-1.0,-1.0
output:601533,-1,-1.0,-1.0
output:601703,-1,-1.0,-1.0
output:601756,-1,-1.0,-1.0
output:850004,-1,-1.0,-1.0
output:601799,-1,-1.0,-1.0
output:602099,-1,-1.0,-1.0
output:602103,-1,-1.0,-1.0
output:602068,-1,-1.0,-1.0
output:850264,-1,-1.0,-1.0
output:850267,-1,-1.0,-1.0
output:568142,-1,-1.0,-1.0
output:761579,-1,-1.0,-1.0
output:602465,-1,-1.0,-1.0
output:568307,-1,-1.0,-1.0
output:602379,-1,-1.0,-1.0
output:294841,-1,-1.0,-1.0
output:567921,-1,-1.0,-1.0
output:567922,-1,-1.0,-1.0
output:567931,-1,-1.0,-1.0
output:567916,-1,-1.0,-1.0
output:567919,-1,-1.0,-1.0
output:294468,-1,-1.0,-1.0
output:602292,-1,-1.0,-1.0
output:567820,-1,-1.0,-1.0
output:602232,-1,-1.0,-1.0
output:568046,-1,-1.0,-1.0
output:602212,-1,-1.0,-1.0
output:567631,-1,-1.0,-1.0
output:567627,-1,-1.0,-1.0
output:567635,-1,-1.0,-1.0
output:567611,-1,-1.0,-1.0
output:567771,-1,-1.0,-1.0
output:602834,-1,-1.0,-1.0
output:602817,-1,-1.0,-1.0
output:567423,-1,-1.0,-1.0
output:567307,-1,-1.0,-1.0
output:567336,-1,-1.0,-1.0
output:567342,-1,-1.0,-1.0
output:602736,-1,-1.0,-1.0
output:294053,-1,-1.0,-1.0
output:567468,-1,-1.0,-1.0
output:569089,-1,-1.0,-1.0
output:125186,-1,-1.0,-1.0
output:125403,-1,-1.0,-1.0
output:125389,-1,-1.0,-1.0
output:125418,-1,-1.0,-1.0
output:125420,-1,-1.0,-1.0
output:293392,-1,-1.0,-1.0
output:49045,-1,-1.0,-1.0
output:125034,-1,-1.0,-1.0
output:125051,-1,-1.0,-1.0
output:293456,-1,-1.0,-1.0
output:293494,-1,-1.0,-1.0
output:124963,-1,-1.0,-1.0
output:124980,-1,-1.0,-1.0
output:124981,-1,-1.0,-1.0
output:124982,-1,-1.0,-1.0
output:124977,-1,-1.0,-1.0
output:293487,-1,-1.0,-1.0
output:125158,-1,-1.0,-1.0
output:125159,-1,-1.0,-1.0
output:293557,-1,-1.0,-1.0
output:569049,-1,-1.0,-1.0
output:568665,-1,-1.0,-1.0
output:568659,-1,-1.0,-1.0
output:568685,-1,-1.0,-1.0
output:568682,-1,-1.0,-1.0
output:568677,-1,-1.0,-1.0
output:568728,-1,-1.0,-1.0
output:568744,-1,-1.0,-1.0
output:568749,-1,-1.0,-1.0
output:568782,-1,-1.0,-1.0
output:568776,-1,-1.0,-1.0
output:292918,-1,-1.0,-1.0
output:568342,-1,-1.0,-1.0
output:568380,-1,-1.0,-1.0
output:125526,-1,-1.0,-1.0
output:292964,-1,-1.0,-1.0
output:292959,-1,-1.0,-1.0
output:292931,-1,-1.0,-1.0
output:568466,-1,-1.0,-1.0
output:568472,-1,-1.0,-1.0
output:568461,-1,-1.0,-1.0
output:125654,-1,-1.0,-1.0
output:125657,-1,-1.0,-1.0
output:568552,-1,-1.0,-1.0
output:622012,-1,-1.0,-1.0
output:246678,-1,-1.0,-1.0
output:200408,-1,-1.0,-1.0
output:124334,128,0.0,-1.0
output:124335,128,0.0,0.0
output:124333,128,0.0,0.0
output:124338,128,0.0,0.0
output:124337,128,0.0,0.0
output:124336,128,0.0,0.0
output:124347,-1,-1.0,-1.0
output:124346,-1,-1.0,-1.0
output:566211,-1,-1.0,-1.0
output:566207,-1,-1.0,-1.0
output:124182,-1,-1.0,-1.0
output:124176,-1,-1.0,-1.0
output:292731,-1,-1.0,-1.0
output:124205,-1,-1.0,-1.0
output:124204,-1,-1.0,-1.0
output:124216,-1,-1.0,-1.0
output:124217,-1,-1.0,-1.0
output:566071,-1,-1.0,-1.0
output:200212,-1,-1.0,-1.0
output:200211,-1,-1.0,-1.0
output:124268,-1,-1.0,-1.0
output:292555,-1,-1.0,-1.0
output:246441,-1,-1.0,-1.0
output:246447,-1,-1.0,-1.0
output:246497,-1,-1.0,-1.0
output:123935,-1,-1.0,-1.0
output:123932,-1,-1.0,-1.0
output:123915,-1,-1.0,-1.0
output:200569,-1,-1.0,-1.0
output:123937,-1,-1.0,-1.0
output:292477,-1,-1.0,-1.0
output:123936,-1,-1.0,-1.0
output:123938,-1,-1.0,-1.0
output:200545,-1,-1.0,-1.0
output:565795,-1,-1.0,-1.0
output:565809,-1,-1.0,-1.0
output:621687,-1,-1.0,-1.0
output:565774,-1,-1.0,-1.0
output:565779,-1,-1.0,-1.0
output:124855,-1,-1.0,-1.0
output:124854,-1,-1.0,-1.0
output:246222,-1,-1.0,-1.0
output:246233,-1,-1.0,-1.0
output:292220,-1,-1.0,-1.0
output:292218,-1,-1.0,-1.0
output:565568,-1,-1.0,-1.0
output:246075,-1,-1.0,-1.0
output:292179,-1,-1.0,-1.0
output:124689,-1,-1.0,-1.0
output:124690,-1,-1.0,-1.0
output:292146,-1,-1.0,-1.0
output:292139,-1,-1.0,-1.0
output:124797,-1,-1.0,-1.0
output:292132,-1,-1.0,-1.0
output:199704,-1,-1.0,-1.0
output:292069,-1,-1.0,-1.0
output:292086,-1,-1.0,-1.0
output:565461,-1,-1.0,-1.0
output:124574,-1,-1.0,-1.0
output:124640,-1,-1.0,-1.0
output:124639,-1,-1.0,-1.0
output:200069,-1,-1.0,-1.0
output:124609,-1,-1.0,-1.0
output:245803,-1,-1.0,-1.0
output:124435,-1,-1.0,-1.0
output:124433,-1,-1.0,-1.0
output:124416,-1,-1.0,-1.0
output:124529,-1,-1.0,-1.0
output:124522,-1,-1.0,-1.0
output:199937,-1,-1.0,-1.0
output:199938,-1,-1.0,-1.0
output:291738,-1,-1.0,-1.0
output:216699,-1,-1.0,-1.0
output:123275,-1,-1.0,-1.0
output:123280,-1,-1.0,-1.0
output:567256,-1,-1.0,-1.0
output:123325,-1,-1.0,-1.0
output:567061,-1,-1.0,-1.0
output:216727,-1,-1.0,-1.0
output:291654,-1,-1.0,-1.0
output:567143,-1,-1.0,-1.0
output:216954,-1,-1.0,-1.0
output:566926,-1,-1.0,-1.0
output:566933,-1,-1.0,-1.0
output:566930,-1,-1.0,-1.0
output:566937,-1,-1.0,-1.0
output:122961,-1,-1.0,-1.0
output:168351,-1,-1.0,-1.0
output:168321,-1,-1.0,-1.0
output:122944,-1,-1.0,-1.0
output:168376,-1,-1.0,-1.0
output:168352,-1,-1.0,-1.0
output:168353,-1,-1.0,-1.0
output:291379,-1,-1.0,-1.0
output:168361,-1,-1.0,-1.0
output:216985,-1,-1.0,-1.0
output:216960,-1,-1.0,-1.0
output:122885,-1,-1.0,-1.0
output:122883,-1,-1.0,-1.0
output:122882,-1,-1.0,-1.0
output:122919,-1,-1.0,-1.0
output:291242,-1,-1.0,-1.0
output:566718,-1,-1.0,-1.0
output:168562,-1,-1.0,-1.0
output:168522,-1,-1.0,-1.0
output:566545,-1,-1.0,-1.0
output:123739,-1,-1.0,-1.0
output:123694,-1,-1.0,-1.0
output:123693,-1,-1.0,-1.0
output:123692,-1,-1.0,-1.0
output:123656,-1,-1.0,-1.0
output:123663,-1,-1.0,-1.0
output:123655,-1,-1.0,-1.0
output:123646,-1,-1.0,-1.0
output:123630,-1,-1.0,-1.0
output:123600,-1,-1.0,-1.0
output:290951,-1,-1.0,-1.0
output:566318,-1,-1.0,-1.0
output:123479,-1,-1.0,-1.0
output:566335,-1,-1.0,-1.0
output:123458,-1,-1.0,-1.0
output:216490,-1,-1.0,-1.0
output:123431,-1,-1.0,-1.0
output:123430,-1,-1.0,-1.0
output:123409,-1,-1.0,-1.0
output:621115,-1,-1.0,-1.0
