output:625459,-1,-1.0,-1.0
output:528784,0,0.0,-1.0
output:528781,0,0.0,0.0
output:642553,0,0.0,0.0
output:642291,0,0.0,0.0
output:764328,0,0.0,0.0
output:764327,0,0.0,0.0
output:886200,0,0.0,0.0
output:886201,0,0.0,0.0
output:764518,0,0.0,0.0
output:764519,0,0.0,0.0
output:764517,0,0.0,0.0
output:764523,0,0.0,0.0
output:764520,0,0.0,0.0
output:790942,0,0.0,0.0
output:790940,0,0.0,0.0
output:790941,0,0.0,0.0
output:790938,0,0.0,0.0
output:790939,0,0.0,0.0
output:790936,0,0.0,0.0
output:790937,0,0.0,0.0
output:624291,0,0.0,0.0
output:624290,0,0.0,0.0
output:489413,0,0.0,0.0
output:853290,0,0.0,0.0
output:853346,0,0.0,0.0
output:699921,0,0.0,0.0
output:299342,0,0.0,0.0
output:803156,0,0.0,0.0
output:803157,0,0.0,0.0
output:803151,0,0.0,0.0
output:803147,0,0.0,0.0
output:960598,0,0.0,0.0
output:960599,0,0.0,0.0
output:960600,0,0.0,0.0
output:910596,0,0.0,0.0
output:910597,0,0.0,0.0
output:910598,0,0.0,0.0
output:910576,0,0.0,0.0
output:910565,0,0.0,0.0
output:910564,0,0.0,0.0
output:910562,0,0.0,0.0
output:910573,0,0.0,0.0
output:910572,0,0.0,0.0
output:910575,0,0.0,0.0
output:910569,0,0.0,0.0
output:910568,0,0.0,0.0
output:955774,0,0.0,0.0
output:955950,0,0.0,0.0
output:955951,0,0.0,0.0
output:955953,0,0.0,0.0
output:955952,0,0.0,0.0
output:955955,0,0.0,0.0
output:955954,0,0.0,0.0
output:955957,0,0.0,0.0
output:955956,0,0.0,0.0
output:955958,0,0.0,0.0
output:571759,0,0.0,0.0
output:571753,0,0.0,0.0
output:218780,0,0.0,0.0
output:248331,0,0.0,0.0
output:921018,0,0.0,0.0
output:921017,0,0.0,0.0
output:936677,0,0.0,0.0
output:936678,0,0.0,0.0
output:936679,0,0.0,0.0
output:936680,0,0.0,0.0
output:936681,0,0.0,0.0
output:936682,0,0.0,0.0
output:936683,0,0.0,0.0
output:248070,0,0.0,0.0
output:884555,0,0.0,0.0
output:936476,0,0.0,0.0
output:936474,0,0.0,0.0
output:936475,0,0.0,0.0
output:884390,0,0.0,0.0
output:336005,0,0.0,0.0
output:643029,-1,-1.0,-1.0
output:489764,-1,-1.0,-1.0
output:489819,-1,-1.0,-1.0
output:528679,-1,-1.0,-1.0
output:489860,-1,-1.0,-1.0
output:528767,-1,-1.0,-1.0
output:489945,-1,-1.0,-1.0
output:528731,-1,-1.0,-1.0
output:528560,-1,-1.0,-1.0
output:528514,1,0.0,-1.0
output:528516,1,0.0,0.0
output:489516,1,0.0,0.0
output:624082,1,0.0,0.0
output:624081,1,0.0,0.0
output:299893,1,0.0,0.0
output:571891,1,0.0,0.0
output:604254,1,0.0,0.0
output:604252,1,0.0,0.0
output:528534,-1,-1.0,-1.0
output:528447,-1,-1.0,-1.0
output:528446,2,0.0,-1.0
output:489717,2,0.0,0.0
output:642533,2,0.0,0.0
output:642490,2,0.0,0.0
output:642167,2,0.0,0.0
output:335233,2,0.0,0.0
output:335232,2,0.0,0.0
output:335325,2,0.0,0.0
output:852829,2,0.0,0.0
output:853948,2,0.0,0.0
output:853949,2,0.0,0.0
output:624182,2,0.0,0.0
output:624181,2,0.0,0.0
output:624179,2,0.0,0.0
output:624177,2,0.0,0.0
output:489166,2,0.0,0.0
output:623805,2,0.0,0.0
output:299073,2,0.0,0.0
output:299153,2,0.0,0.0
output:409318,2,0.0,0.0
output:409009,2,0.0,0.0
output:299716,2,0.0,0.0
output:24434,2,0.0,0.0
output:643383,2,0.0,0.0
output:955815,2,0.0,0.0
output:955814,2,0.0,0.0
output:955813,2,0.0,0.0
output:955812,2,0.0,0.0
output:955811,2,0.0,0.0
output:955810,2,0.0,0.0
output:955820,2,0.0,0.0
output:955819,2,0.0,0.0
output:955818,2,0.0,0.0
output:955817,2,0.0,0.0
output:955816,2,0.0,0.0
output:571858,2,0.0,0.0
output:218911,2,0.0,0.0
output:218561,2,0.0,0.0
output:24675,2,0.0,0.0
output:24679,2,0.0,0.0
output:24681,2,0.0,0.0
output:24683,2,0.0,0.0
output:24685,2,0.0,0.0
output:24688,2,0.0,0.0
output:58672,2,0.0,0.0
output:570889,2,0.0,0.0
output:570886,2,0.0,0.0
output:127391,2,0.0,0.0
output:1000548,2,0.0,0.0
output:1000544,2,0.0,0.0
output:1000547,2,0.0,0.0
output:1000543,2,0.0,0.0
output:1000542,2,0.0,0.0
output:1000539,2,0.0,0.0
output:1000537,2,0.0,0.0
output:248620,2,0.0,0.0
output:248406,2,0.0,0.0
output:248485,2,0.0,0.0
output:248126,2,0.0,0.0
output:248304,2,0.0,0.0
output:248862,2,0.0,0.0
output:248992,2,0.0,0.0
output:604286,2,0.0,0.0
output:604222,2,0.0,0.0
output:169435,2,0.0,0.0
output:458826,2,0.0,0.0
output:458809,2,0.0,0.0
output:623907,2,3.615050421996041,3.615050421996041
output:623908,2,3.615050421996041,3.615050421996041
output:571460,2,3.615050421996041,3.615050421996041
output:571459,2,3.615050421996041,3.615050421996041
output:604311,2,3.615050421996041,3.615050421996041
output:528432,-1,-1.0,-1.0
output:642655,-1,-1.0,-1.0
output:642651,-1,-1.0,-1.0
output:489679,3,0.0,-1.0
output:489684,3,0.0,0.0
output:368452,3,0.0,0.0
output:409195,3,0.0,0.0
output:643322,3,0.0,0.0
output:528221,3,0.0,0.0
output:219988,3,0.0,0.0
output:58719,3,0.0,0.0
output:127491,3,0.0,0.0
output:248639,3,0.0,0.0
output:169859,3,0.0,0.0
output:528489,-1,-1.0,-1.0
output:528448,-1,-1.0,-1.0
output:642590,-1,-1.0,-1.0
output:529299,-1,-1.0,-1.0
output:765697,4,0.0,-1.0
output:884912,4,0.0,0.0
output:791108,4,0.0,0.0
output:791109,4,0.0,0.0
output:791107,4,0.0,0.0
output:960209,4,0.0,0.0
output:960220,4,0.0,0.0
output:910996,4,0.0,0.0
output:920885,4,0.0,0.0
output:936917,4,0.0,0.0
output:936916,4,0.0,0.0
output:854047,-1,-1.0,-1.0
output:765768,-1,-1.0,-1.0
output:529206,-1,-1.0,-1.0
output:529201,5,0.0,-1.0
output:529192,5,0.0,0.0
output:335238,5,0.0,0.0
output:367171,5,0.0,0.0
output:299840,5,0.0,0.0
output:299835,5,0.0,0.0
output:25519,5,0.0,0.0
output:59339,5,0.0,0.0
output:59338,5,0.0,0.0
output:58005,5,0.0,0.0
output:127833,5,0.0,0.0
output:127832,5,0.0,0.0
output:127834,5,0.0,0.0
output:248253,5,0.0,0.0
output:605191,5,0.0,0.0
output:605193,5,0.0,0.0
output:765458,6,0.0,-1.0
output:886573,6,0.0,0.0
output:886575,6,0.0,0.0
output:980720,6,0.0,0.0
output:886578,6,0.0,0.0
output:644307,6,0.0,0.0
output:219009,6,0.0,0.0
output:219008,6,0.0,0.0
output:58639,6,0.0,0.0
output:921442,6,0.0,0.0
output:765503,-1,-1.0,-1.0
output:642297,-1,-1.0,-1.0
output:490103,-1,-1.0,-1.0
output:529129,-1,-1.0,-1.0
output:490174,-1,-1.0,-1.0
output:490172,-1,-1.0,-1.0
output:490176,-1,-1.0,-1.0
output:335706,-1,-1.0,-1.0
output:335692,-1,-1.0,-1.0
output:335552,-1,-1.0,-1.0
output:335590,-1,-1.0,-1.0
output:529440,7,0.0,-1.0
output:529441,7,0.0,0.0
output:643208,7,0.0,0.0
output:643209,7,0.0,0.0
output:643210,7,0.0,0.0
output:219062,7,0.0,0.0
output:219063,7,0.0,0.0
output:169369,7,0.0,0.0
output:169372,7,0.0,0.0
output:491381,-1,-1.0,-1.0
output:491294,-1,-1.0,-1.0
output:335147,8,0.0,-1.0
output:301041,8,0.0,0.0
output:572567,8,0.0,0.0
output:572571,8,0.0,0.0
output:59021,8,0.0,0.0
output:59020,8,0.0,0.0
output:368871,8,0.0,0.0
output:169562,8,0.0,0.0
output:367261,-1,-1.0,-1.0
output:367159,9,0.0,-1.0
output:367527,9,0.0,0.0
output:624170,9,0.0,0.0
output:218576,9,0.0,0.0
output:127148,9,0.0,0.0
output:336013,9,0.0,0.0
output:604356,9,0.0,0.0
output:367470,-1,-1.0,-1.0
output:701617,-1,-1.0,-1.0
output:981416,-1,-1.0,-1.0
output:791192,-1,-1.0,-1.0
output:531086,-1,-1.0,-1.0
output:366919,-1,-1.0,-1.0
output:853757,-1,-1.0,-1.0
output:701100,-1,-1.0,-1.0
output:701099,-1,-1.0,-1.0
output:368148,-1,-1.0,-1.0
output:368617,-1,-1.0,-1.0
output:368615,-1,-1.0,-1.0
output:367728,-1,-1.0,-1.0
output:298872,-1,-1.0,-1.0
output:982071,-1,-1.0,-1.0
output:700192,-1,-1.0,-1.0
output:960480,-1,-1.0,-1.0
output:960482,-1,-1.0,-1.0
output:221379,-1,-1.0,-1.0
output:299069,-1,-1.0,-1.0
output:299064,-1,-1.0,-1.0
output:221257,-1,-1.0,-1.0
output:700352,-1,-1.0,-1.0
output:299154,-1,-1.0,-1.0
output:409319,-1,-1.0,-1.0
output:299268,-1,-1.0,-1.0
output:409202,-1,-1.0,-1.0
output:665405,-1,-1.0,-1.0
output:408903,-1,-1.0,-1.0
output:299839,-1,-1.0,-1.0
output:299828,-1,-1.0,-1.0
output:959595,-1,-1.0,-1.0
output:734728,-1,-1.0,-1.0
output:300154,10,0.0,-1.0
output:572333,10,0.0,0.0
output:572328,10,0.0,0.0
output:572324,10,0.0,0.0
output:59695,10,0.0,0.0
output:58218,10,0.0,0.0
output:369053,10,0.0,0.0
output:300654,-1,-1.0,-1.0
output:301337,-1,-1.0,-1.0
output:24384,-1,-1.0,-1.0
output:302039,-1,-1.0,-1.0
output:302126,-1,-1.0,-1.0
output:302109,-1,-1.0,-1.0
output:643134,-1,-1.0,-1.0
output:643135,-1,-1.0,-1.0
output:643132,-1,-1.0,-1.0
output:643133,-1,-1.0,-1.0
output:527890,-1,-1.0,-1.0
output:643222,-1,-1.0,-1.0
output:643291,-1,-1.0,-1.0
output:643293,-1,-1.0,-1.0
output:643292,-1,-1.0,-1.0
output:643384,-1,-1.0,-1.0
output:643387,-1,-1.0,-1.0
output:528157,-1,-1.0,-1.0
output:572141,-1,-1.0,-1.0
output:572224,-1,-1.0,-1.0
output:910451,-1,-1.0,-1.0
output:571473,-1,-1.0,-1.0
output:911131,-1,-1.0,-1.0
output:571636,-1,-1.0,-1.0
output:571637,-1,-1.0,-1.0
output:25710,-1,-1.0,-1.0
output:129127,-1,-1.0,-1.0
output:60252,-1,-1.0,-1.0
output:573048,-1,-1.0,-1.0
output:60398,-1,-1.0,-1.0
output:573068,-1,-1.0,-1.0
output:25156,-1,-1.0,-1.0
output:25594,-1,-1.0,-1.0
output:218834,-1,-1.0,-1.0
output:218807,-1,-1.0,-1.0
output:59957,-1,-1.0,-1.0
output:218696,-1,-1.0,-1.0
output:218691,-1,-1.0,-1.0
output:24787,-1,-1.0,-1.0
output:24748,-1,-1.0,-1.0
output:24600,-1,-1.0,-1.0
output:25074,-1,-1.0,-1.0
output:572764,-1,-1.0,-1.0
output:572903,-1,-1.0,-1.0
output:59531,-1,-1.0,-1.0
output:24872,-1,-1.0,-1.0
output:59385,-1,-1.0,-1.0
output:59343,-1,-1.0,-1.0
output:409665,-1,-1.0,-1.0
output:219754,-1,-1.0,-1.0
output:409999,-1,-1.0,-1.0
output:219803,-1,-1.0,-1.0
output:58985,-1,-1.0,-1.0
output:219848,-1,-1.0,-1.0
output:58975,-1,-1.0,-1.0
output:58974,-1,-1.0,-1.0
output:128706,-1,-1.0,-1.0
output:219519,-1,-1.0,-1.0
output:219495,-1,-1.0,-1.0
output:128535,-1,-1.0,-1.0
output:219641,-1,-1.0,-1.0
output:58574,-1,-1.0,-1.0
output:58581,-1,-1.0,-1.0
output:58598,-1,-1.0,-1.0
output:219331,-1,-1.0,-1.0
output:999838,-1,-1.0,-1.0
output:127096,-1,-1.0,-1.0
output:221100,-1,-1.0,-1.0
output:58141,-1,-1.0,-1.0
output:571292,-1,-1.0,-1.0
output:127451,-1,-1.0,-1.0
output:58015,-1,-1.0,-1.0
output:127700,-1,-1.0,-1.0
output:127699,-1,-1.0,-1.0
output:220540,-1,-1.0,-1.0
output:127667,-1,-1.0,-1.0
output:127574,-1,-1.0,-1.0
output:127607,-1,-1.0,-1.0
output:1000677,-1,-1.0,-1.0
output:251267,-1,-1.0,-1.0
output:220179,-1,-1.0,-1.0
output:220220,-1,-1.0,-1.0
output:127808,-1,-1.0,-1.0
output:127840,-1,-1.0,-1.0
output:220398,-1,-1.0,-1.0
output:369036,-1,-1.0,-1.0
output:369037,-1,-1.0,-1.0
output:369103,-1,-1.0,-1.0
output:368719,-1,-1.0,-1.0
output:248489,-1,-1.0,-1.0
output:368858,-1,-1.0,-1.0
output:248119,-1,-1.0,-1.0
output:248312,-1,-1.0,-1.0
output:884444,-1,-1.0,-1.0
output:884411,-1,-1.0,-1.0
output:936891,-1,-1.0,-1.0
output:171920,-1,-1.0,-1.0
output:170042,-1,-1.0,-1.0
output:170068,-1,-1.0,-1.0
output:492441,-1,-1.0,-1.0
output:492149,-1,-1.0,-1.0
output:492129,-1,-1.0,-1.0
output:249554,-1,-1.0,-1.0
output:492273,-1,-1.0,-1.0
output:370491,-1,-1.0,-1.0
output:491765,-1,-1.0,-1.0
output:491722,-1,-1.0,-1.0
output:170775,-1,-1.0,-1.0
output:249045,-1,-1.0,-1.0
output:604520,-1,-1.0,-1.0
output:336140,-1,-1.0,-1.0
output:605026,-1,-1.0,-1.0
output:336483,-1,-1.0,-1.0
output:336597,-1,-1.0,-1.0
output:169806,-1,-1.0,-1.0
output:169771,-1,-1.0,-1.0
output:169769,-1,-1.0,-1.0
output:169736,-1,-1.0,-1.0
output:604907,-1,-1.0,-1.0
output:604853,-1,-1.0,-1.0
output:605261,-1,-1.0,-1.0
output:605800,-1,-1.0,-1.0
