output:643050,-1,-1.0,-1.0
output:642999,-1,-1.0,-1.0
output:489900,0,0.0,-1.0
output:489893,0,0.0,0.0
output:489895,0,0.0,0.0
output:300788,0,0.0,0.0
output:220181,0,0.0,0.0
output:246883,0,0.0,0.0
output:489943,-1,-1.0,-1.0
output:334596,-1,-1.0,-1.0
output:334536,-1,-1.0,-1.0
output:334530,-1,-1.0,-1.0
output:642656,-1,-1.0,-1.0
output:334411,1,0.0,-1.0
output:334343,1,0.0,0.0
output:852831,1,0.0,0.0
output:852830,1,0.0,0.0
output:298302,1,0.0,0.0
output:298297,1,0.0,0.0
output:623774,1,0.0,0.0
output:623665,1,0.0,0.0
output:408665,1,0.0,0.0
output:57247,1,0.0,0.0
output:408459,1,0.0,0.0
output:942943,1,0.0,0.0
output:942945,1,0.0,0.0
output:942944,1,0.0,0.0
output:942947,1,0.0,0.0
output:942946,1,0.0,0.0
output:942949,1,0.0,0.0
output:942948,1,0.0,0.0
output:942951,1,0.0,0.0
output:942950,1,0.0,0.0
output:24439,1,0.0,0.0
output:458092,1,0.0,0.0
output:955823,1,0.0,0.0
output:955822,1,0.0,0.0
output:955821,1,0.0,0.0
output:218429,1,0.0,0.0
output:218428,1,0.0,0.0
output:218426,1,0.0,0.0
output:569870,1,0.0,0.0
output:569686,1,0.0,0.0
output:126981,1,0.0,0.0
output:57797,1,0.0,0.0
output:570596,1,0.0,0.0
output:570592,1,0.0,0.0
output:57681,1,0.0,0.0
output:57683,1,0.0,0.0
output:57685,1,0.0,0.0
output:570398,1,0.0,0.0
output:603442,1,0.0,0.0
output:603444,1,0.0,0.0
output:603449,1,0.0,0.0
output:603453,1,0.0,0.0
output:603456,1,0.0,0.0
output:603794,1,0.0,0.0
output:603792,1,0.0,0.0
output:247691,1,0.0,0.0
output:247609,1,0.0,0.0
output:247367,1,0.0,0.0
output:247314,1,0.0,0.0
output:247316,1,0.0,0.0
output:247320,1,0.0,0.0
output:218519,1,0.0,3.615050421996041
output:218327,1,0.0,0.0
output:127103,1,0.0,0.0
output:57874,1,0.0,0.0
output:126193,1,0.0,0.0
output:169016,1,0.0,0.0
output:529027,-1,-1.0,-1.0
output:529131,2,0.0,-1.0
output:298825,2,0.0,0.0
output:409188,2,0.0,0.0
output:570194,2,0.0,0.0
output:570187,2,0.0,0.0
output:570191,2,0.0,0.0
output:58259,2,0.0,0.0
output:58260,2,0.0,0.0
output:642121,3,0.0,-1.0
output:980576,3,0.0,0.0
output:980574,3,0.0,0.0
output:980389,3,0.0,0.0
output:790943,3,0.0,0.0
output:930447,3,0.0,0.0
output:930448,3,0.0,0.0
output:853292,3,0.0,0.0
output:853295,3,0.0,0.0
output:732132,3,0.0,0.0
output:999330,3,0.0,0.0
output:999331,3,0.0,0.0
output:999332,3,0.0,0.0
output:699428,3,0.0,0.0
output:999156,3,0.0,0.0
output:699202,3,0.0,0.0
output:803161,3,0.0,0.0
output:803159,3,0.0,0.0
output:960601,3,0.0,0.0
output:955557,3,0.0,0.0
output:955558,3,0.0,0.0
output:910359,3,0.0,0.0
output:884217,3,0.0,0.0
output:884216,3,0.0,0.0
output:921020,3,0.0,0.0
output:921019,3,0.0,0.0
output:936477,3,0.0,0.0
output:603928,3,0.0,0.0
output:642084,-1,-1.0,-1.0
output:641947,-1,-1.0,-1.0
output:490774,-1,-1.0,-1.0
output:980722,-1,-1.0,-1.0
output:980662,-1,-1.0,-1.0
output:980670,-1,-1.0,-1.0
output:335509,-1,-1.0,-1.0
output:335520,-1,-1.0,-1.0
output:366411,4,0.0,-1.0
output:334952,4,0.0,0.0
output:298857,4,0.0,0.0
output:58904,4,0.0,0.0
output:248626,4,0.0,0.0
output:168921,4,0.0,0.0
output:335244,-1,-1.0,-1.0
output:335148,5,0.0,-1.0
output:572576,5,0.0,0.0
output:572575,5,0.0,0.0
output:59022,5,0.0,0.0
output:57767,5,0.0,0.0
output:368872,5,0.0,0.0
output:169563,5,0.0,0.0
output:458807,5,0.0,0.0
output:335151,-1,-1.0,-1.0
output:764856,-1,-1.0,-1.0
output:335168,-1,-1.0,-1.0
output:335013,6,0.0,-1.0
output:335016,6,0.0,0.0
output:298115,6,0.0,0.0
output:57256,6,0.0,0.0
output:570193,6,0.0,0.0
output:126937,6,0.0,0.0
output:335084,-1,-1.0,-1.0
output:335044,-1,-1.0,-1.0
output:334942,-1,-1.0,-1.0
output:852703,-1,-1.0,-1.0
output:367173,-1,-1.0,-1.0
output:367160,-1,-1.0,-1.0
output:367612,-1,-1.0,-1.0
output:367611,-1,-1.0,-1.0
output:367520,-1,-1.0,-1.0
output:366635,7,0.0,-1.0
output:128375,7,0.0,0.0
output:128374,7,0.0,0.0
output:128373,7,0.0,0.0
output:128372,7,0.0,0.0
output:128376,7,0.0,0.0
output:58252,7,0.0,0.0
output:367008,-1,-1.0,-1.0
output:791110,-1,-1.0,-1.0
output:366863,-1,-1.0,-1.0
output:366856,-1,-1.0,-1.0
output:488933,-1,-1.0,-1.0
output:298472,-1,-1.0,-1.0
output:298267,-1,-1.0,-1.0
output:298359,-1,-1.0,-1.0
output:853999,-1,-1.0,-1.0
output:298203,8,0.0,-1.0
output:298209,8,0.0,0.0
output:298208,8,0.0,0.0
output:57749,8,0.0,0.0
output:57750,8,0.0,0.0
output:57751,8,0.0,0.0
output:248381,8,0.0,0.0
output:298941,-1,-1.0,-1.0
output:298898,-1,-1.0,-1.0
output:489439,-1,-1.0,-1.0
output:298787,9,0.0,-1.0
output:570269,9,0.0,0.0
output:57654,9,0.0,0.0
output:604359,9,0.0,0.0
output:604357,9,0.0,0.0
output:604360,9,0.0,0.0
output:247707,9,0.0,0.0
output:489205,-1,-1.0,-1.0
output:298651,-1,-1.0,-1.0
output:298698,10,0.0,-1.0
output:572362,10,0.0,0.0
output:572355,10,0.0,0.0
output:572357,10,0.0,0.0
output:572349,10,0.0,0.0
output:572344,10,0.0,0.0
output:572336,10,0.0,0.0
output:57562,10,0.0,0.0
output:57563,10,0.0,0.0
output:369055,10,0.0,0.0
output:369054,10,0.0,0.0
output:367915,-1,-1.0,-1.0
output:299140,-1,-1.0,-1.0
output:299299,-1,-1.0,-1.0
output:409240,-1,-1.0,-1.0
output:299455,-1,-1.0,-1.0
output:408832,-1,-1.0,-1.0
output:408865,11,0.0,-1.0
output:408864,11,0.0,0.0
output:408866,11,0.0,0.0
output:25260,11,0.0,0.0
output:25264,11,0.0,0.0
output:25265,11,0.0,0.0
output:25267,11,0.0,0.0
output:25270,11,0.0,0.0
output:128151,11,0.0,0.0
output:219561,11,0.0,0.0
output:570717,11,0.0,0.0
output:126503,11,0.0,0.0
output:604500,11,0.0,0.0
output:604501,11,0.0,0.0
output:604502,11,0.0,0.0
output:299863,-1,-1.0,-1.0
output:408754,-1,-1.0,-1.0
output:408653,-1,-1.0,-1.0
output:408652,-1,-1.0,-1.0
output:408654,-1,-1.0,-1.0
output:57304,-1,-1.0,-1.0
output:299912,-1,-1.0,-1.0
output:300110,-1,-1.0,-1.0
output:733559,-1,-1.0,-1.0
output:300744,-1,-1.0,-1.0
output:301544,-1,-1.0,-1.0
output:301354,-1,-1.0,-1.0
output:24277,-1,-1.0,-1.0
output:24274,-1,-1.0,-1.0
output:527346,-1,-1.0,-1.0
output:527353,-1,-1.0,-1.0
output:302131,-1,-1.0,-1.0
output:458469,-1,-1.0,-1.0
output:458610,-1,-1.0,-1.0
output:527718,-1,-1.0,-1.0
output:458502,-1,-1.0,-1.0
output:458507,-1,-1.0,-1.0
output:458666,-1,-1.0,-1.0
output:528059,-1,-1.0,-1.0
output:528225,-1,-1.0,-1.0
output:528135,-1,-1.0,-1.0
output:528130,-1,-1.0,-1.0
output:926051,-1,-1.0,-1.0
output:571994,-1,-1.0,-1.0
output:571992,-1,-1.0,-1.0
output:572127,-1,-1.0,-1.0
output:955436,-1,-1.0,-1.0
output:572143,-1,-1.0,-1.0
output:572393,-1,-1.0,-1.0
output:571644,-1,-1.0,-1.0
output:571647,-1,-1.0,-1.0
output:571641,-1,-1.0,-1.0
output:571560,-1,-1.0,-1.0
output:571563,-1,-1.0,-1.0
output:571859,-1,-1.0,-1.0
output:573130,-1,-1.0,-1.0
output:59973,-1,-1.0,-1.0
output:59969,-1,-1.0,-1.0
output:25431,-1,-1.0,-1.0
output:218699,-1,-1.0,-1.0
output:24739,-1,-1.0,-1.0
output:218435,-1,-1.0,-1.0
output:572578,-1,-1.0,-1.0
output:572781,-1,-1.0,-1.0
output:24967,-1,-1.0,-1.0
output:572787,-1,-1.0,-1.0
output:59432,-1,-1.0,-1.0
output:59532,-1,-1.0,-1.0
output:59281,-1,-1.0,-1.0
output:59333,-1,-1.0,-1.0
output:128123,-1,-1.0,-1.0
output:570333,-1,-1.0,-1.0
output:570335,-1,-1.0,-1.0
output:128386,-1,-1.0,-1.0
output:128453,-1,-1.0,-1.0
output:570133,-1,-1.0,-1.0
output:570137,-1,-1.0,-1.0
output:58949,12,0.0,-1.0
output:58957,12,0.0,0.0
output:58967,12,0.0,0.0
output:58966,12,0.0,0.0
output:126359,12,0.0,0.0
output:126358,12,0.0,0.0
output:604909,12,0.0,0.0
output:569583,-1,-1.0,-1.0
output:128524,-1,-1.0,-1.0
output:58378,-1,-1.0,-1.0
output:58376,-1,-1.0,-1.0
output:410490,-1,-1.0,-1.0
output:58366,-1,-1.0,-1.0
output:58349,-1,-1.0,-1.0
output:58326,-1,-1.0,-1.0
output:127161,-1,-1.0,-1.0
output:58256,13,0.0,-1.0
output:58257,13,0.0,0.0
output:58258,13,0.0,0.0
output:58255,13,0.0,0.0
output:570769,13,0.0,0.0
output:570773,13,0.0,0.0
output:570776,13,0.0,0.0
output:570765,13,0.0,0.0
output:571128,-1,-1.0,-1.0
output:127097,-1,-1.0,-1.0
output:58209,-1,-1.0,-1.0
output:58205,-1,-1.0,-1.0
output:127056,-1,-1.0,-1.0
output:127061,-1,-1.0,-1.0
output:127007,-1,-1.0,-1.0
output:127006,-1,-1.0,-1.0
output:570989,-1,-1.0,-1.0
output:58142,-1,-1.0,-1.0
output:571001,-1,-1.0,-1.0
output:571277,-1,-1.0,-1.0
output:58054,-1,-1.0,-1.0
output:58052,-1,-1.0,-1.0
output:58063,-1,-1.0,-1.0
output:58060,-1,-1.0,-1.0
output:57988,-1,-1.0,-1.0
output:57931,-1,-1.0,-1.0
output:57940,-1,-1.0,-1.0
output:127264,-1,-1.0,-1.0
output:251116,-1,-1.0,-1.0
output:57830,-1,-1.0,-1.0
output:127622,-1,-1.0,-1.0
output:570569,-1,-1.0,-1.0
output:570584,-1,-1.0,-1.0
output:57694,-1,-1.0,-1.0
output:127518,-1,-1.0,-1.0
output:57610,-1,-1.0,-1.0
output:57660,-1,-1.0,-1.0
output:57659,-1,-1.0,-1.0
output:57653,-1,-1.0,-1.0
output:127543,-1,-1.0,-1.0
output:127535,-1,-1.0,-1.0
output:570767,-1,-1.0,-1.0
output:127908,-1,-1.0,-1.0
output:127919,-1,-1.0,-1.0
output:127920,-1,-1.0,-1.0
output:57429,-1,-1.0,-1.0
output:126225,-1,-1.0,-1.0
output:126327,-1,-1.0,-1.0
output:248761,-1,-1.0,-1.0
output:126446,-1,-1.0,-1.0
output:368655,-1,-1.0,-1.0
output:368654,-1,-1.0,-1.0
output:126824,-1,-1.0,-1.0
output:603003,-1,-1.0,-1.0
output:247844,-1,-1.0,-1.0
output:884386,-1,-1.0,-1.0
output:126604,-1,-1.0,-1.0
output:126660,-1,-1.0,-1.0
output:170140,-1,-1.0,-1.0
output:249797,-1,-1.0,-1.0
output:603421,-1,-1.0,-1.0
output:249510,-1,-1.0,-1.0
output:604058,-1,-1.0,-1.0
output:603942,-1,-1.0,-1.0
output:603976,-1,-1.0,-1.0
output:170574,-1,-1.0,-1.0
output:603817,-1,-1.0,-1.0
output:603872,-1,-1.0,-1.0
output:603873,-1,-1.0,-1.0
output:603875,-1,-1.0,-1.0
output:603733,-1,-1.0,-1.0
output:603722,-1,-1.0,-1.0
output:603761,-1,-1.0,-1.0
output:604433,-1,-1.0,-1.0
output:336061,-1,-1.0,-1.0
output:604608,-1,-1.0,-1.0
output:169095,-1,-1.0,-1.0
output:336149,-1,-1.0,-1.0
output:604272,-1,-1.0,-1.0
output:604203,-1,-1.0,-1.0
output:169223,-1,-1.0,-1.0
output:604223,-1,-1.0,-1.0
output:604212,-1,-1.0,-1.0
output:605048,-1,-1.0,-1.0
output:169559,-1,-1.0,-1.0
output:169625,-1,-1.0,-1.0
output:605098,-1,-1.0,-1.0
output:604709,-1,-1.0,-1.0
output:604893,-1,-1.0,-1.0
output:604812,-1,-1.0,-1.0
output:604849,-1,-1.0,-1.0
output:247745,-1,-1.0,-1.0
output:247786,-1,-1.0,-1.0
output:247704,-1,-1.0,-1.0
output:247613,-1,-1.0,-1.0
output:605209,-1,-1.0,-1.0
output:605310,-1,-1.0,-1.0
output:605255,-1,-1.0,-1.0
output:605254,-1,-1.0,-1.0
output:247375,-1,-1.0,-1.0
output:247394,-1,-1.0,-1.0
output:605334,-1,-1.0,-1.0
output:247310,-1,-1.0,-1.0
output:247210,-1,-1.0,-1.0
output:247087,-1,-1.0,-1.0
output:168721,-1,-1.0,-1.0
